0.81618266947497
0.99981142747223
0.99988572671066
0.99999830687422
0.93409706531015
0.99848273240321
0.99999969966737
0.00000933460645
0.00000793206751
0.00000759525053
0.99999999999974
0.00006694216508
0.99989171788414
0.00062529126574
0.99999999999884
0.99999999999915
0.00000021483304
0.99999999999136
0.99869564213868
0.99997831310796
1.00000000000000
0.99970820509507
0.98391632740517
0.00974951474528
0.00000000000251
0.00000000021778
0.00000083288666
0.00000005077497
0.00000000598816
0.00000056349844
0.99997319409658
0.02466801805619
0.03192797744405
0.92048908278182
0.69812649497799
0.92602360439747
0.99769275009255
0.00000000352803
0.00000118653673
0.37190138763983
1.00000000000000
0.15011040497508
1.00000000000000
0.00000062567363
0.00005336823589
0.00390992315401
0.99999999999381
0.99998195365431
0.00000797311228
0.00000000000000
0.00106685890665
0.99853377258751
0.00008554515830
0.00000002296526
0.84690705754013
0.99999999999983
0.00000000000141
0.42011200289009
0.11078347618516
0.96418173825703
0.00305980435893
0.99998090358709
0.78836240913756
0.99999999183052
0.00003857664402
0.00775109461197
0.99999999512411
0.00000415830143
0.51870679591730
0.54332847286226
0.00022923147357
0.99086812323976
0.99978962559342
0.00057888688645
0.99979174849844
0.00000000000000
0.99999999999961
0.51119375508323
0.99999999998356
0.00311165317846
0.97400833936224
0.00000213794427
0.00004428112433
0.59063476741334
0.00000000007296
0.99998394732548
0.00000000030835
1.00000000000000
0.83778119057996
0.96757151244858
0.00001194911542
0.02886422247463
0.00000779619640
0.00022061527875
1.00000000000000
0.00000000120823
0.94753764047954
0.00034852034069
0.97969126487245
0.99999999999999
0.99993177835657
0.00000074676505
0.72572646835107
0.00000000000026
0.99164019363087
1.00000000000000
0.99999999850177
0.00000000884179
0.83280627358106
0.00000000000204
0.00236037581137
0.99407233701872
0.99994071486495
0.00374434083313
0.00000000000000
0.99650208339203
0.00001480913890
0.99999999999993
0.99981739080967
0.39586596378535
0.00000064622806
0.19185334492758
0.99999999727729
0.00000255558374
1.00000000000000
0.00129185284405
0.99999999438500
0.00000000443597
0.39993971005375
0.00772709267470
0.99999999912267
0.99992108769544
0.99995983325462
0.99999999999986
0.99826442851667
0.99999760862733
0.99999701382590
1.00000000000000
0.99999982576369
0.14109423592666
0.96383689924990
0.99997278120335
0.00001387197515
0.00295507566672
0.99371257713437
0.00268744180325
0.00000000003496
0.98763898675030
0.99764743968654
0.97900157994083
0.00000000000000
0.03622805464959
0.99999999991158
0.51797382433119
0.00000003447053
0.00000869465563
0.99999998587421
0.99999999999997
0.00002591776930
0.01320648829064
0.00000000172747
0.00007543611270
0.99999720385643
0.00000279079205
0.00000049197906
0.00000000020925
0.01548832740880
0.00000015895530
0.00000000442522
0.00668746820970
0.00027381621512
0.99999997387550
0.99999966451046
0.81841964835545
0.99993360413582
0.55988161904997
0.00000006248235
0.99955485480111
0.91270301519242
0.99999824000090
0.99999934604070
0.00000233541454
0.00011660293398
0.45122384414053
0.00000019159098
0.99999744415786
0.62067320806454
0.99996633509290
0.99976242013222
0.00013094941241
0.99999999160797
0.00000000053800
0.99999999997032
0.99946753217605
0.99859738221494
0.01256359856998
0.99760724178340
0.00024426453712
0.00000094665903
0.00034792890324
0.00015240875411
0.00000000000537
0.99131697698339
0.75572700995647
0.88335679745155
0.00096557787159
0.99999999999999
0.81251033709801
0.99936081745624
0.00415315274355
0.01386227791780
0.00018586617199
0.27271464347986
0.01770505854954
0.84865473270108
0.00002958321612
0.00000000003093
0.28011792274624
0.99999914164835
0.00004109535674
0.99997541946110
0.99999999997904
0.00000004983879
1.00000000000000
0.00002820632656
0.01614803566963
0.00000000000004
0.00000428498677
0.00010974989390
0.99999999998086
0.00000170102643
0.99997552685078
0.00000003632125
0.99999578090729
0.99999993905743
0.00000025546705
0.99999999764219
0.99854731115709
0.00000006848037
0.00000543533058
0.99987261419150
0.99835395917872
0.00000000000000
0.99960748067532
0.96766654563062
0.00000000065833
0.99380593569810
0.99999866400435
0.02225837401689
0.00000000008202
0.50163115840434
0.61639928354109
0.99931305372121
0.01185902104277
0.98123555996240
0.99974255689460
0.70360078480750
0.00049984321964
0.00005526370761
0.99990458633164
0.00240386140737
0.04910994060229
0.01114774406153
0.98290070227396
0.00579994153402
0.17331873442906
0.99997165457834
0.00000000088779
0.99926650805149
0.99550552535807
0.00000011915889
0.99520238064397
0.02552321328485
0.00002689237729
0.00000011685104
0.99997487015295
0.05075422760212
0.99999999969060
0.99999999999421
0.00000000000000
0.99999999990103
0.00000018785371
0.40680006155952
0.00000000000161
0.99768760946038
0.00000000062044
0.00411203019145
0.99999895787697
0.99999999961708
0.98439355922844
0.00000002708260
0.00000002011127
0.73157455548056
0.99953375279325
0.99999969903923
0.00000034845138
0.21701146071630
0.99298689339115
0.99999999999986
0.50920121971451
0.99999631492664
0.33749736082441
0.99999997141962
0.00111275893991
0.00000000122628
0.88539621687323
0.00934194209833
0.00000000002327
0.00000000002398
0.00035191218894
0.99973186904479
0.98214336376511
0.90425882540820
0.00000000416129
0.99975041106848
0.99999979410876
0.99994450060493
0.99999999994214
0.99432221802348
0.99901782198099
0.00000153200570
0.98244768474687
0.00001249044189
0.99991542579525
0.02475360817926
0.06276538688150
0.00284383839574
0.00003637430185
0.00018751932454
0.05609713620151
0.90503959138603
0.99999986494331
0.79221848144870
0.55819425310815
0.99999999992702
0.00071844543509
0.00088405730652
0.00001317239317
0.99999999999820
0.00000324612877
0.00000000000002
0.02027355438582
0.00175478765748
0.00082566164890
0.00000046952942
0.99988040951542
0.36234888065148
0.99953814542182
0.00436118448981
0.80751157423586
0.98247588191111
0.99999998975444
0.00078913771897
0.99995964345988
0.99999111514618
0.00200329481951
0.99998766990643
0.99999995690424
0.99066314042583
0.99991332149070
0.99999999316346
0.97163262736540
0.00058558118928
0.00000000535896
0.00141972690456
0.99984868474002
0.99999999724311
0.00009651425584
0.99998644100104
0.00001530039997
0.99999913850683
0.05033038911089
0.99999999291722
0.99999998795510
0.00032920395290
0.00000432692353
0.99808030869572
0.00000000172947
0.00000000000000
0.00006006353023
0.99980004482297
0.27852959093303
0.00000000000000
0.99997466075350
0.99999999932008
0.00003747735371
0.87740302649254
0.99950081647470
0.99996169842515
0.79597265181802
0.00080180645367
0.99973516296612
0.99937045222417
0.99850651743483
0.00000367108948
0.06892840011242
0.99997665768539
0.00049694771080
0.99999997317750
0.99999999925316
0.99999998735289
0.36256534528872
0.00225670649517
0.99973329887311
0.00000236635469
0.00000000000000
0.99989874620830
0.00002197089056
0.47304252652511
0.09942444786787
0.81205396862770
0.00000000003066
0.99999999999970
0.99999806554338
0.00011795512025
0.84593734288190
0.99999930275300
0.00018851615038
0.99999330096552
0.00974810787433
0.99998894637960
0.00000000006840
0.99999994109362
0.86787427569545
0.99999999988613
0.01055321899938
0.99992521524031
0.99993517619703
0.99999967363158
0.35909468405184
0.94410346330602
0.93496168408354
0.99995431799907
0.00000081522388
1.00000000000000
0.99999998095895
0.00000020297128
0.23552085511230
0.00000660656540
0.97486822605337
1.00000000000000
0.00001364650558
0.29303910545876
0.43236604735254
0.97520534506808
0.95059652043657
0.99999999922250
0.99999999935389
0.99397715028455
0.00000032426173
0.99997945975412
0.00000000000821
0.99999997293448
0.00000232075515
0.00115117161134
0.99999999977277
0.99999999959807
0.00000011162038
0.99999957121943
0.00002027265380
0.99920164340238
0.99968900447917
0.00003648595455
0.07598900719557
0.00214371218403
0.99923156903430
0.00000002804945
0.64112713456867
0.99989975825960
0.38744348739142
0.00003966128527
0.68592605165904
0.05883054778448
0.42183034276581
0.99997521081611
0.00342909037538
0.99999997716521
0.99998851796564
0.00190004682412
0.99999998513118
0.32427933063002
0.99684693206069
0.99999937125400
0.99999999844450
0.99997900486019
0.00000000000000
0.99999999930180
0.00000011186385
0.01780048321234
0.99999959633171
0.00017548678433
0.00000255636783
0.00019624230289
0.99999821054595
0.00114362338797
0.99995034410523
0.99155216418808
0.99999499673569
0.60700824189696
0.36702109677292
