0.00014587444526
0.99999999849146
0.99999988449762
0.99458842685715
0.99999996371126
0.99988116372212
0.99999996405831
0.99999999999984
0.99999678230540
0.99999961105836
0.99999958677272
0.99999999986871
0.96015415670653
0.99920986838780
1.00000000000000
0.99999999980762
0.99999998846069
1.00000000000000
0.87620226494280
0.99998841917987
0.99999999881042
0.99999999343629
0.99999912365908
0.99997235496238
0.99999999999995
0.99999999999163
0.99999970270284
0.99999316085606
0.00800099043564
0.99733138012558
0.02165298280313
0.99999999999749
0.24874981162948
0.89376801467743
0.99194137684719
0.99999966490796
0.99999953935318
0.99998537689635
0.99999999993368
0.11184203014484
0.91001957061649
0.99999839966587
0.99977255928545
0.99999999869765
0.99999999997890
0.99999999997211
0.99999999996624
0.99999999992599
0.99999978899262
0.99999961999005
0.99999961706504
0.99999997670779
0.15181927419488
0.99999999988083
0.99999506196651
0.99980554057375
0.99999999745522
0.99824057314652
0.99997980202585
0.99944252619065
0.99833964278427
0.99999999999998
0.97105283520944
0.97662027213746
0.99992653467636
0.99999999973775
0.99999999967909
0.99999999999897
0.00004414138383
0.99999999941949
0.99999991683677
0.82896033805935
0.99996739494975
0.99754462737678
0.99999961829756
0.99999992041710
0.99999513326683
1.00000000000000
0.99867979720285
0.99999999997476
0.97123319232652
0.03133786409771
0.00000000071416
0.99999999996253
0.99694278119344
0.99999914965220
0.99752788657645
0.99979309926445
0.99999998405231
0.99920533293131
0.96519868743171
0.99956716513029
0.99999994899661
0.99999999999073
0.99999793585997
0.99999998740267
0.99999999962687
0.65451604787727
0.99995832332400
0.88109814941748
0.99999999992133
0.99999164424914
0.99999968654149
0.99988067950281
0.99999993899258
0.99865619683891
0.99638645679509
0.99999951247753
0.99999999999641
0.99999998971782
0.00106253770822
0.99999999983244
0.99999999999312
0.99999999782794
1.00000000000000
0.99999999999972
0.99999999830042
0.58285184652517
0.99999478584124
0.00362179761529
0.97690449792932
0.99999999889887
0.99999903327419
0.99999977857910
0.99999999265376
0.99999436921580
0.00000053131295
0.99999986812703
0.99999999844310
0.99999997428534
0.35734987074389
0.99999999676536
0.99999814601199
0.99999999999999
0.99999991615636
0.20018410444654
0.99999997434648
0.99999995127654
0.99999999893062
0.99998135577153
0.91205675124586
0.99999978032647
0.99999999454752
0.99999999961448
0.00070179657575
0.99999968913048
0.98007172422243
0.00138907898320
0.98200865931629
0.99999975424923
0.84627312844496
0.99999999905502
0.00213270154659
0.99999999238253
0.99999017357793
0.02234139978269
0.99999999999995
0.99966662542832
0.99999986760370
0.99999999998798
0.99995170426626
0.99999999998160
0.99999998305760
1.00000000000000
0.99964425234657
0.58197629431359
0.67960136822921
0.99999999999998
0.96280676722133
0.99999618990720
0.99961229690026
0.99999999873660
0.99992277943290
0.99999999997713
0.00006955942682
0.99999117617594
0.00852267556851
0.54268909153157
0.99999108576495
0.99999996966350
0.99999999990031
0.99999999991425
0.99999696395532
0.99999937921745
0.99999973783300
0.93168608641134
1.00000000000000
0.99999999999637
0.96429832415149
0.99991082583469
0.99999991292828
0.00030678165531
0.99990751654015
0.99989467580662
0.99827395213101
0.99994281236802
0.00000000000291
0.99999999984755
0.99999584742130
0.99999999999269
0.99992871980771
0.99997407392264
0.99999999490434
0.99995959801427
0.00000000002608
0.96391891992731
0.99999999949805
0.00000027649099
0.00054069223251
0.99999959683359
0.99999999999995
0.00751555307788
0.99999932795164
0.99999989828792
0.99938096179915
0.99999573927972
0.00026350318653
0.30826193697858
0.99999999624539
0.99999999991091
0.99999939634516
0.99958911571067
0.99999999996873
0.99999999996270
0.99811928675206
0.99999999999978
0.00026761502580
0.99999999999563
0.99999985536547
0.89580240358204
0.99999984184936
0.99984541140658
0.99999999991932
0.99999999999834
0.99999997033843
0.99999999874858
0.99999999997347
0.99999955836379
0.99999993271297
0.75533448060582
0.94007797982917
0.99999995980520
0.99999637292905
0.99983542664343
0.99994653390270
0.99991023907543
0.30866758689325
1.00000000000000
0.99999999844989
0.99999999532995
0.00000001933742
0.99978695659025
0.99999999900913
0.99993801852611
0.86070919648823
0.90299559084307
0.99999999999995
0.99999999999990
0.99999920140698
1.00000000000000
0.99999999928770
0.99999999392207
1.00000000000000
0.99999898086531
0.99999999998602
0.99999999987193
0.99999999955499
0.95637692902628
0.99996070232502
0.99594008104150
0.99999734836935
0.99999868340973
0.99999999995148
1.00000000000000
0.99977599014163
0.99999999417425
0.97953396877554
0.99999987040537
0.99999999998054
0.99999991875377
0.99999993078546
0.00001064039316
0.99999999976847
0.99999995163942
0.99994416552250
0.99968646056462
0.99999999999999
0.00751696584752
0.99999416064106
0.99999994178262
0.99998538690836
0.99954155655767
0.99999848738061
0.99996263135190
0.99934554367395
1.00000000000000
0.99982092972123
0.92791876451481
0.00000086641050
0.37958360581420
0.99999999922730
0.99552511295082
0.99974662203744
0.99992545631537
0.99999999999724
0.99997229718986
0.99999969166661
0.99999863233646
0.99999867876597
0.99999999758478
0.99998912063633
0.99999999871709
0.99988026385603
0.00987973874388
0.99740028961967
0.99999997313162
0.99999999999644
0.99999999998398
0.99999999937711
0.99934619098301
0.00000012357674
0.99784767720358
0.99999999999999
0.99999975854765
0.99999591861577
0.99998934377541
0.54222382556272
0.99168916013541
0.99999987731163
0.33802809824840
0.81762864048863
0.99999999991600
0.99985972085480
0.99912744631330
0.99999999995949
0.29789781400252
0.99999101607689
0.99999974569916
0.99999987929803
0.99999398372428
0.99956838474047
0.99825595557713
0.99999794570498
0.99978916360659
0.70476120281774
0.04769474902653
0.45136125970978
0.99999999741168
0.99999976440901
0.99999999999947
0.00000010342605
0.00214898521184
0.05920714661933
0.99999594285950
0.85788021731435
0.00218215766898
0.55297030367948
0.98052030048874
0.99999992649510
0.99996410139193
0.99117522574580
0.99999699965900
0.99448597050882
0.99994585036565
0.99999847137616
0.91347763534441
0.65959368285415
0.98810176249631
0.99999999810942
0.99999718782721
1.00000000000000
0.99997808846014
0.99999997263504
0.25831709716103
0.97999269505722
0.99999957328235
0.00025541939811
0.99999999999971
0.99999742088047
0.00000028355563
0.99999977850251
1.00000000000000
0.99783516006621
0.99995352750194
0.99999722273974
0.99500325396134
0.99985762446556
0.82953396865676
0.02329385772196
0.99999999849576
0.56315320868416
0.99882545049540
0.99994691409951
0.99999999940497
0.99999155929451
0.65208853431540
0.99999999944263
0.99999090736785
0.99999997884807
0.00025156284512
0.76553723514452
0.90370182080525
0.99999999999926
0.97586940069053
0.99999999990585
0.99999955872053
0.95807738740526
0.75061138578431
0.99999999070130
0.00000171764081
0.99978892944654
0.00007990628619
0.99999999877954
0.99999615705763
0.99999547518789
0.99999816544822
0.99999996268344
0.99999999871067
0.99830195364757
0.99996688682044
0.99999998606209
0.99999687529443
0.99999999999998
0.99968326164577
0.99620455920951
0.99999999998253
1.00000000000000
0.99999715535324
0.22008846729023
0.99970308069788
0.99999999943929
0.99999999998741
0.99999994566676
0.99999999999977
0.99997311094288
0.99999967505158
0.02458799590985
0.99996213393515
1.00000000000000
0.99998112440963
0.99987095366113
0.92786471307517
0.99999999994711
1.00000000000000
0.99993221861654
0.99963736739008
0.09617736573387
0.99999999999912
0.99999999324211
0.99997636671714
0.91946613542484
0.99999999999998
0.00003009613191
0.99999999982159
1.00000000000000
0.99998220663637
0.99999804637824
0.99899050177045
0.99999999997249
1.00000000000000
0.99999998931170
0.99999999997759
0.99987784356138
0.58103370035749
0.99999989045408
0.99999999677812
0.00000009449684
0.99987168358324
0.99997958376629
0.99999999999999
0.99999978409236
0.99999999999726
0.99999969839031
0.00021948846168
0.99999999999945
0.99999999999796
0.00005635590015
0.99160561959419
0.99999999600475
1.00000000000000
0.99999977565869
0.92319727661098
0.99999986243812
0.73250405126621
0.99999999989362
0.86509208658220
0.98507970006789
0.00004394700378
0.99999999992083
0.99994597993499
0.00002590371730
1.00000000000000
0.86766017175891
0.99999999970633
0.99999877577772
0.99999960232738
0.99999999817633
0.60213825224696
0.99999996155683
0.97227508846872
0.99066047425426
0.99999998681775
0.57923807637387
0.99999999951230
0.99999796008349
0.99999999985886
0.00099449337106
0.99925758442160
0.78278567063724
1.00000000000000
0.97407656788040
0.87984650910849
0.99999991623094
0.99999801345024
0.99987477026258
0.99945705380183
0.99999997835154
0.95387614810874
0.99999999995067
0.99999999999747
0.65537654511545
0.99999997265619
0.99999998329658
0.99999999962190
0.99955346827934
0.99999995471120
0.99999879158748
0.99999697397617
1.00000000000000
0.99999795155494
0.00000030835871
0.99265734230861
0.99999999999659
0.99999999999054
0.99999999999018
0.99999999989043
0.99999999999994
0.99999999964111
0.98330073000911
0.99999991846133
0.99998826840309
0.99999954100374
0.99999998588168
0.99961589882339
0.99998820532852
0.00038558178478
1.00000000000000
0.99999825132629
0.99999267818273
0.99999999999992
0.99360732401954
0.99999999944397
0.99999998943328
0.99985319958868
0.39801566336129
0.99999999999908
0.99999999999995
0.00159449905716
0.99999996834777
0.99999572013008
0.99999999999999
0.99999990994194
1.00000000000000
0.99999959634512
0.99999873198621
0.99971449942011
0.00009262712944
0.95578796121226
0.99982154674935
0.99407352150431
0.03100349217248
1.00000000000000
0.99999964132860
0.99999999980892
0.99999942364165
0.99997295962055
0.99999995089030
0.99999999999990
0.99999999786278
0.99999601109561
0.99999629876063
0.99802378297632
0.00000000012921
0.00000008145244
0.66928732248216
0.99999999646154
0.99999990312706
0.99999999999425
0.99999999999703
0.99999999999993
0.99999999679411
0.99999998491993
0.99999819278623
0.99843099257381
0.99999890860975
0.91801609104321
0.99999999990149
0.99999991942133
1.00000000000000
0.60039320915701
0.99974806984021
0.98767209997210
0.99999984763403
0.99599937436517
0.99999999552118
0.76298653280030
0.99670965083992
0.18766723442323
0.99999881148266
0.99999999999875
0.99999999998851
0.99999999997621
0.00067296338972
0.99999999990306
0.99999993819373
0.99982844789730
0.99999846003865
0.04505986286502
1.00000000000000
0.99999812646588
0.99971220100476
0.99999999570010
0.99934366885332
0.99016764926639
0.99999753247527
1.00000000000000
0.99999999999833
0.99999997929044
0.99999999999989
0.99999918732319
0.99676115329729
0.99999994805016
0.99999999996755
0.99999999974209
0.99999999847647
0.99999999646302
0.86832232247587
0.77752861284702
0.99999977574079
0.99999999999994
0.99999999999627
0.87066993442968
0.98225650446932
0.06626040348631
0.74534517026426
0.99985746802932
0.99999280550168
0.99994977316999
0.99999806799971
0.99999593068573
0.99999689018544
0.99999951918421
0.99999999717305
0.95027088082609
0.97136486895133
0.99999999990093
0.99999571345901
0.99941470936767
0.99949872961138
0.99999998105686
0.05337451340636
0.27221428564689
0.99999987613931
0.99999806704274
0.99994885812031
0.12637366858300
0.99998921068319
0.99999999739397
0.99997656362919
0.99999999989342
0.99999999999404
0.99998934724587
0.99924256464285
0.91077724740019
0.99999737713096
0.80672550275175
0.91531029670896
1.00000000000000
0.99999915075227
0.98457783003276
0.99998644196062
0.99838111100629
0.99937508098863
0.99497868806933
0.99996875282022
0.99982957057879
0.99992738227550
0.99657502100781
0.99999999999362
0.99999991148978
0.99728804289118
0.99998016206910
0.99992216710755
0.92006981497643
0.99999997632030
0.46491749232212
0.99999999953681
0.99999972391120
0.01085986954018
0.99138177562984
0.99999999112301
0.99999998293636
0.46548991235686
0.99831995703547
0.99947757346575
0.99999999999774
0.99999999529862
0.99999999987205
0.95280539226289
0.96100519617563
0.99999987335403
0.98544266977965
0.99996621907232
0.99995012367673
0.00008692662020
0.99999987501809
0.02330191843740
0.96805345704764
0.99999976268112
0.99999999999956
0.99943755758646
0.99999998999348
0.93612834114020
0.99999918569306
0.99999405556406
0.99996926429397
0.99263850311455
0.99595292032691
0.99999999046438
0.98626144454994
0.99999999998577
0.99999929465477
0.99999763600498
0.99999999930337
0.99998554771014
0.99999999999998
0.98482436260990
0.99999999988928
0.99999999999906
0.99999974896715
0.99999998590762
0.00000812716668
0.99999999992847
0.99989507953588
0.99999994178418
1.00000000000000
0.99999999999962
0.99961399495442
0.99999999995353
0.99980447650768
0.00091270547956
0.99999991738668
0.99997977941207
0.99973588068599
0.99999999987688
0.99999999998201
0.99999999874627
0.08726794173145
0.00035275926530
0.99999448927235
0.99999983886412
0.24391328224651
0.99999999999973
0.70826495586486
0.99999999999142
0.99921663679342
0.99996204025485
0.99996579552709
0.95225639066926
0.99999999999636
0.99999713047763
0.90634685135611
0.99985517685772
0.99999999991662
0.99999540133685
0.99999981594675
0.99999999888763
0.99999016941684
0.99999538631748
0.99999977689498
0.99999708370139
0.95020301003441
0.99998694139162
0.00020823987279
0.99999999999999
0.99999999977297
0.99989588575160
0.99999999747582
0.99999951520688
0.99999999999928
0.99999999963932
0.00000481557306
0.99999999998280
0.99999999997931
1.00000000000000
0.00001491339340
0.99999999999542
0.00003410801002
0.99999374869275
0.99999999999879
0.99999994284101
0.99996919157275
0.99999999374616
0.99995188055774
0.99999997688513
0.99999997465359
0.99999999867593
0.99999999907450
0.99999999880845
0.99934660135455
0.99999999946743
0.31191584603471
0.77603815956212
0.99999848810761
0.70679033359010
0.00389445032709
0.00000749276245
0.01791555040867
0.99999999987780
0.99999965454284
0.98437945682728
0.99999999992595
0.99999999984893
0.99979818465237
0.99996208366929
0.99997613344485
0.99999178587819
0.99999999998200
1.00000000000000
0.99999901267595
0.99999972504653
0.99999999992979
0.80642965568388
0.99999999999997
0.99999999987550
0.99997781047417
0.99999999999800
0.97326110633761
0.99999987055517
0.00771909239845
0.99999957957830
0.99999999956056
0.99999999999716
0.99999999643450
0.99999999775973
0.99999999999572
0.99999999971962
0.13950630441331
0.99999999526281
0.99968095839938
0.39166107517013
0.99998970695804
0.99999999999166
0.99999996160084
0.99999999998704
0.99999998395671
0.99993649798903
0.99986611127945
0.99999999920883
0.99999998621766
0.99999999999999
0.12835200624710
0.62783315230960
0.99955170214979
0.99999999999975
0.99999990044735
0.99999999999998
0.99999999960341
0.99999999986652
0.00003444790680
0.99999999824811
0.99999999998315
0.00081099561643
1.00000000000000
0.99999991108829
0.04876159558482
0.99947596994752
0.99999919940464
0.99999999966852
0.99999999971875
0.99995888259248
0.99999493608465
0.99999288292458
1.00000000000000
0.99999999760531
0.99429742044840
0.99999999956864
0.99892009626246
0.99999999772387
0.71827527209647
0.99999991860205
0.99999990395043
0.96496674582058
0.99999366704698
0.99999999702113
0.99999999992719
0.99999999990263
0.99999999970409
0.99933561631210
0.99945854422095
0.00133463414037
0.99978231049101
0.99933252083747
0.99797685895614
0.98720017777980
1.00000000000000
0.99999999999997
0.99999964893671
0.99999999886195
0.99906103328639
0.55186640669543
0.99999999998493
0.99999880703412
0.99963227450468
0.99941702051264
0.99999999914853
0.99999993626687
0.99999999996185
1.00000000000000
0.99999999662483
0.99993924980510
0.99999941253298
0.97308695442799
0.99999993566739
0.99997521228034
0.99999999999976
0.99992106137271
0.99999999995551
0.97936994975075
0.00578209413646
0.99999999998206
0.99991834237581
0.99999906378357
0.00218823035336
0.99999929720164
0.97280989378653
0.03288051774023
0.99999995386641
0.99999889029648
0.00209259640178
0.99553708632276
0.99999999983873
0.00000002406443
0.99290782351815
0.99999997514709
0.99999999999912
0.99999604539429
0.99999999994592
0.00000000003282
0.78212744702440
0.99999999999614
0.99299550237032
0.99999627490482
0.99999997861391
0.05113888915555
0.99999520307319
0.99999999998331
0.99999435962592
0.99999999395653
0.99999999999994
0.99999995861863
1.00000000000000
0.99999998909315
0.99999995383605
0.99999995066847
0.99999999999869
0.99999999999680
0.99999027777267
0.99993618848103
0.99999999999771
0.99999987540875
0.99999999999884
0.99999832235741
0.99999999997597
0.99999972883559
0.99999996317511
0.99999999999879
0.99999988180213
0.84106942662102
0.99999999992237
0.99999996091471
1.00000000000000
0.91581467715405
0.99999894950553
0.00373079309843
0.00002788998483
0.99997046222655
0.99999564941904
0.99999999714746
0.99999999275687
0.99127754562395
0.99998250597640
0.94621397518469
0.99999999999996
0.99998724719163
0.99999658729408
0.99999264598168
0.99638677006028
0.99999999978990
0.89429127001946
1.00000000000000
0.99999999403876
0.99999996348639
0.99999999990865
0.26813778165201
0.99999999999962
0.94740996858318
0.95502390984942
0.89164121918353
0.00000000019911
0.09287840212956
0.99999999999983
0.99999999980519
0.99999537409940
0.99999999999414
0.98259399724106
0.99999998194939
0.99963555458822
0.99999999021427
0.99999999999998
0.99987197583342
0.99999999880059
0.99999999836633
0.99789359480837
0.99999999939359
0.99898202535920
0.99829695902034
0.99999999999987
1.00000000000000
0.99999999999995
0.99999999993188
0.99999984530479
0.66495135646487
0.99999999999704
0.00010466249423
0.99999999999999
0.99991702356279
0.99999999972706
0.04017806074420
0.00025326846329
0.99999999998648
0.99999999999597
0.19217809163145
0.87125288711393
0.99999539287726
0.97890564302831
1.00000000000000
0.99952403372512
0.99987212827256
0.99999999999809
0.99999663521761
0.99987692398643
0.99999999784680
0.99999999996977
0.99999999999727
0.22938026828657
0.99999811196100
0.99999976035756
0.99999999999784
0.99999974715123
0.99998726606193
0.99974563077546
0.99999999999993
0.99999843882469
0.99999725980710
0.99999999998204
0.99978678723550
0.99994698883685
0.99999999938046
0.99996987177757
0.97948143625499
0.99938946732290
0.00125514863873
0.99999999942298
0.99999999271207
0.99999868647110
0.98823873087946
0.99999998270416
0.00113547322016
0.99999999999950
0.98191848040517
0.99999988538548
0.99977780359692
0.99999786157256
0.99999876245344
0.99964937629039
0.99998646420811
1.00000000000000
0.99999999924897
0.99813700539748
0.99999996744155
0.03956840271394
0.99999962233252
0.99999999999275
0.99999995597512
0.99999999999997
0.99999999999994
0.99978962532528
0.99995879293669
1.00000000000000
0.17687421881028
0.99829099567274
0.00052265705902
0.99999999999966
0.99997565453492
0.00000001139550
0.21129358388088
0.99999999325183
0.99999964451846
0.96532632366267
1.00000000000000
0.99997734421219
0.00000000000000
0.27382543981984
0.99999999321833
0.19753762125725
0.99999999961627
0.99998532442621
0.99999999999988
0.97705932514323
0.52598400793733
0.99999646025417
0.99957068921613
0.99999999999730
0.30700729517044
0.00114037599101
0.56942348824106
0.99999999999990
0.99989394555578
0.99999692607034
0.99999967675471
0.05111317688877
0.99999992965956
0.99999997722668
0.85936574529754
0.99999922776265
0.99999999999999
0.99999999999743
0.99997150715525
0.99999999931246
1.00000000000000
0.99999745532104
0.99999999999994
0.99999999954920
0.00789795891231
0.99999616335136
0.99984027758258
0.99999986247023
0.99983039815351
0.99999359799663
0.99999674316685
0.99999571002399
0.69468403568677
0.99999999763467
0.99999999999999
0.00003238169273
0.99999999636903
1.00000000000000
0.99996945410888
0.99999999993802
0.99999985391963
0.99999130581717
0.99999999994606
0.00002593187008
0.99967447092664
0.99999914967326
0.99999999952469
0.99986330524356
0.99999999999414
0.99999999999894
0.99999221982111
0.99999557787400
0.99999999997751
0.99999996984403
0.99999998203757
0.99999999956967
0.99999999999989
0.99999909143178
0.99999999999869
0.99999999759985
0.99999987760365
1.00000000000000
0.99999999952935
0.99943680322534
0.99986325961911
0.99999969869735
0.99983989639853
0.99999869747764
0.99999999939291
0.99999992573696
0.99999999183239
0.99971378468198
0.99999966380007
0.99999838332590
0.99995358665610
0.99998062294551
0.99997119191365
0.99999999827767
0.99999999973669
0.99765700756443
0.99999938129968
0.99999983591636
0.99999999731248
0.99998856210401
0.99992681310400
0.99986560181033
0.99999999999404
0.99999999511620
0.00000061531159
0.99232638416450
0.99999999999990
0.99999999601876
0.99999999859553
0.99999999999446
0.99999990224157
0.99999774521948
1.00000000000000
0.99661496999124
0.99999999997263
0.99999989773786
0.99999999986969
0.99999999267808
0.99999879373038
0.99999999995007
0.99999999999982
1.00000000000000
0.99999721483459
0.99987399616349
0.07030435782241
0.99999999998636
0.99996331123045
0.99999999997296
0.99955933225374
0.02691233002212
0.99974952980490
0.99956348269368
0.54338692251302
0.82589660247216
0.99994097869889
0.99466170551285
0.64895343696593
0.99999999997105
0.99999993397394
0.99999999949699
0.99999943831307
0.99070011518081
0.99999999543644
0.99999994681981
0.99138306870442
0.98748481169635
0.32767828211682
0.99999999999917
0.99997572773543
0.99999999509926
1.00000000000000
0.00042503461678
0.99999999999763
0.99999592087052
0.99999995461094
0.99999643286261
0.00000000000000
0.99903069431602
0.97034694984454
0.01932297586109
0.09657726776739
0.99992537069226
0.99999999986625
0.99998988120503
0.99999999316704
0.99999999998016
0.79976735119941
0.80811842993719
0.99992284459299
0.99964821767715
0.99999999999443
0.99999987663215
0.99800963317888
0.99999862877714
0.99999999688558
0.99999999985340
0.99998587480405
0.00212208628251
0.00000898755539
0.99999999999930
0.99999118741230
0.99999999986609
1.00000000000000
0.99999999999996
0.99999982133191
0.67855743192127
0.99999996829927
0.95202260084878
0.99045603456376
0.26590725842158
0.99998598490266
0.99997214003136
0.99999999997653
0.99999999995869
0.99999999123865
0.99999999981531
0.99999436980345
0.99999999677379
0.99999999999936
0.99999474405553
0.99999999999999
0.99999999999975
0.99940408638334
0.00000254667109
0.99999979666353
0.99999999960977
0.99912603328810
0.99999999970996
0.99893717063891
0.99963392561399
0.99999957200278
0.99998367618979
0.99999849995872
0.99507462828052
0.99999680135555
0.99995301886241
0.99999999992438
0.99999992552025
0.99689578576550
0.99995989886539
0.13820026604287
0.97330040829474
0.99998655482422
0.99998831365632
0.99999999442174
0.99999995065829
1.00000000000000
0.99999999995177
0.99999993927680
0.99999995228226
0.99999987769124
0.99999999995636
0.99999981557069
0.99999975888322
0.99999938224643
0.99999999999719
0.99999999999766
0.96950245010576
0.99999414198564
0.99999999999997
0.94314033945723
0.99999996789405
0.99999316469283
0.99969012030416
0.99999959314356
0.99999999781240
0.99999999891596
0.00001581091923
0.06474448679896
0.36993745613443
0.99999927796154
0.99999999999886
0.99999999966434
0.99999994843472
0.99995916561705
0.99999983104096
0.99999999999144
0.99999997799964
0.99999999896944
0.99998976276492
0.99999999999986
0.99999999579055
1.00000000000000
0.99998012686491
1.00000000000000
0.99999997233966
0.99999672471847
0.00194531134521
0.59851825726295
0.20829692218577
0.99999998908300
0.07902641160405
0.99999999526622
0.71274545548940
0.99446864619739
0.99999999999999
0.99999999993012
0.99999999999993
0.99999338530218
0.99999840000846
0.98298262419831
0.48151992330055
0.99999999999997
0.99999999997519
0.99998858740967
0.94493388767138
0.93847923219111
0.99999999999999
0.24908812375227
0.99893382935004
0.99999999895227
0.99999999994905
0.99999481336773
0.00000044014206
0.99999999617492
0.99999539409544
0.99999760922506
0.99997911448638
0.99511208876295
0.00703552619804
0.94899365553736
0.99999695507937
0.99999999420739
0.99947417730353
0.98388592623140
0.99999999998981
0.99999999999662
0.99999910073360
0.99999999289854
0.00094368181324
0.99999988751433
0.99999899070295
0.99999999368741
0.99999993644779
0.99999928847464
0.99999999994193
0.99808062731321
0.99999953612495
0.99999999771230
0.98956696620819
0.99999891600267
0.96546549718717
0.99999999999707
1.00000000000000
0.99999999955151
0.97909562915742
0.99999935557826
0.99999999999992
0.99732164857850
0.99999701822866
0.91605326421358
0.99999999966066
0.33490099428967
0.99890145521315
0.99999999943788
0.99999992444461
0.99999979721494
0.99999999599309
0.99999912091644
0.99999999881997
0.99999982273999
0.99999999999999
0.99999999998358
0.99811288927683
0.01421534492711
0.99968044232066
0.99999784869351
0.99975105423378
0.99999999998030
0.99999993538553
0.75104150551014
0.99999999820714
0.00000008442262
0.04686775220507
0.00029019824181
0.99997862541441
0.99996850984805
1.00000000000000
0.99902702907199
0.00085477820821
0.99999999961177
1.00000000000000
0.99999999702044
0.93079916051477
1.00000000000000
0.99999999892829
0.99999999984999
0.99999950079050
0.99049583992817
0.99999999895837
0.99999954743726
0.00000007230658
0.99999968005683
0.99999999997000
0.99999766965072
1.00000000000000
0.14689337572543
0.99999999458090
0.99994970281792
0.14687474580337
0.91712311091704
0.99999993183665
0.99999991471299
0.99986831504499
0.99999886650612
0.99999999995317
0.99999999999854
0.99930871521189
0.99999999953968
0.99999999899879
0.00010932760135
0.99307586744771
0.42374840030391
0.99999934677870
0.99948735387973
0.99999999998092
0.99999999994207
0.12723829436118
0.00294412337408
0.99982886961680
0.99999999899647
0.99999169849299
0.99999994390682
0.99999915224680
0.99999999998065
1.00000000000000
0.99903943660836
0.00005150195952
0.99999937414628
0.99999998252678
0.99999997796282
1.00000000000000
0.99999995442655
0.99996292912593
0.00682060096650
0.99672039912012
0.99999999884614
0.99999973566781
0.99999999998996
0.92667740232009
0.05159916398603
0.00014011146984
0.99747381374376
0.99980026632433
0.93888711170619
1.00000000000000
0.99990989594932
0.99999986662945
0.99765109715629
0.99999999999912
0.99999999265761
0.99999999999179
0.00000000065000
0.18114836322684
0.99999999864937
0.00000007738199
0.00000034988421
0.99984864786080
0.99999999999999
0.99999992563596
0.75904180116173
0.99999995080035
0.99999994007604
0.99999928655092
0.79654689208275
0.98525294554981
0.99999994958215
0.99999706964056
0.99999999997936
0.99999999654284
0.99988754468035
1.00000000000000
0.01217130831650
0.99990021136448
0.99999998576035
0.99995559485198
0.99999035211089
0.99999998932897
0.99998540567278
0.95316539350518
0.99999557387322
0.99938325384246
0.99999994519123
0.99999999999999
0.99799281310647
0.00160884979018
0.99999999999894
0.99999999875197
0.99999999999843
0.99999993728432
0.90663571759994
0.99999481433957
0.33444606216216
0.99561215203250
0.99957651404037
0.47276191178163
0.99860351690111
0.99991170830993
0.99999999808530
0.20879025668493
0.99999069509335
0.99999800348494
0.98681820554946
0.99999999915946
0.99999971859628
0.99999542183273
0.18553497053599
0.00154271339748
0.00223108666025
0.95861373243565
0.99965782366992
0.99999043257258
0.00288967576306
0.99999979948926
0.99998754024517
0.99999999999998
0.99999980196828
0.99999926079510
0.99999999935779
0.99991188176079
0.99999980381574
0.99999999987078
0.36837286388787
0.99997393316309
0.13847238248699
0.99999998919484
0.99999999999944
0.99999941460914
0.99997854722103
0.99993259385735
0.99859859645905
0.79349015783714
0.99999999990521
0.99994861984001
0.99514024184685
0.99999999999503
0.99999886584412
0.99999857005748
0.99999999993959
0.76021977352178
0.99999662120298
0.99999999990326
0.99999999997636
0.99678041964874
0.99914075957277
0.99942220225851
0.99999999999870
0.97430260517354
1.00000000000000
0.99999999999994
0.99946193378874
0.99999997742523
0.99999990988358
0.99794776331471
0.99998976344456
0.99997722352395
0.99982819911875
0.99999843418626
0.99999999890730
0.99999992037688
0.99999999992847
0.99389799099778
0.88621502005955
0.99999999999984
0.99999890647996
0.99999999999647
0.96009451030601
0.03673003286955
0.00095559184796
0.99999999991171
0.99999999974523
0.01493553097007
1.00000000000000
0.00089425081411
0.99999987267219
0.99999998574018
0.99999997980886
0.99730876532058
0.99998905008583
0.99999776944361
0.99996569358074
0.99990338547001
0.99999999993544
0.99999999999954
0.99999999996932
0.99999999486767
0.99999990303610
0.99987378531796
0.00804930168383
0.99984316958415
0.78212797431221
0.99999262484363
0.99999999999827
0.01440336954123
1.00000000000000
0.99962801506065
0.99999979797987
0.99311402372852
1.00000000000000
0.99982404378808
0.99999999991770
0.99963999758544
0.99999999859661
0.93012840142076
0.99999999989629
0.99999953778427
0.00062556917817
0.99999999999609
0.99999979652444
0.99999999949337
0.99999985578284
0.99997749668775
0.99999999337705
0.99999999999674
0.99985319557135
0.99640512593960
0.99999991141509
0.99999922865482
0.99999999920280
0.99999999581008
0.00000066934314
0.96965527204692
0.99962599333814
1.00000000000000
0.96479330326148
0.99203570434035
0.99860313532611
0.99999835837367
0.99999999999987
0.99994752222879
0.99999948000038
0.50089968238866
0.99999999999658
0.00004742162207
0.99999414426908
0.13525226342138
0.99999999919606
0.99966584543824
0.99999999999281
0.02553780085999
0.99658759639894
0.98998820546011
0.99977613478577
0.99999999993977
0.99940147574172
0.99999999999989
0.99999997911943
0.99993792791296
0.99999999985021
0.99999999998188
0.99994361404844
0.99999769579849
0.99999999998800
0.50380664924433
0.99999982360421
0.01874298346845
0.99999999978777
0.99996216383710
0.99999957933496
0.66136429654292
1.00000000000000
0.99787299122288
0.99999999823157
0.99999837995184
0.08107977496997
0.24590963113629
0.99774351160509
0.81378613523633
1.00000000000000
0.99999999999671
0.94414615298287
0.99958683879746
0.99999999999987
1.00000000000000
0.00000000000000
0.99999205138731
0.99999999969851
0.14958637774274
1.00000000000000
0.99914597513510
1.00000000000000
0.98938387314724
0.96341780901053
0.05287473989481
0.99999999807137
0.99999999999503
0.99999801701240
0.99997450160276
0.99999999750926
0.99997500981564
0.99999999999998
0.99999999375878
0.99999981086125
0.99999999351612
0.99999743301933
1.00000000000000
0.99999969676846
0.48327734893267
0.97505473995134
0.99999999994746
0.99999999998073
0.99999999924260
0.99999999999942
0.99999997251888
0.99999997299529
0.99999995671930
0.99999999999898
0.12977984806101
0.99996941951322
0.99347723657739
0.99999999999981
0.99999772556093
0.99999868781233
0.99999999804956
1.00000000000000
0.99222655929921
0.99999999113953
0.99999982573004
0.99999076727033
0.99999999830822
0.99995522753286
0.99985787845364
0.99999940254743
0.90950539753038
0.99999999812288
0.99999999977622
0.99999999999999
0.02748790831390
0.99999999918761
0.99829579953702
0.99999945265383
1.00000000000000
0.99999564217605
0.99998300530821
0.99999999993560
0.91732120285924
0.99999890472082
0.99996585090480
0.00126380782777
0.99999978875036
0.99999999999663
0.99999999990515
0.99524079848786
0.93668865117430
0.99900849383135
0.99998787917049
0.22794450413919
0.98730436811160
0.09632207033497
0.99999894092751
0.00231746524820
0.99999999984257
0.99449584774763
0.99903796555592
0.99999999999829
0.00962784814289
0.99999999348855
0.99999999989686
0.99999999651594
0.99999999988716
0.98882675206488
1.00000000000000
0.87293410749825
0.00000000032179
1.00000000000000
0.99999999995704
0.00001368009747
0.99987741086062
0.99998936365229
0.97722246873709
0.99999999876993
0.99999959045378
0.99802646642924
0.99999947602470
0.99992255086743
0.99999959676632
0.99999546208090
0.99990521974429
0.00000052310783
0.99999999999196
0.99999819238590
0.99999998844847
0.99999962807732
0.00952674500473
0.99995212552491
0.99999786471358
0.72562373500216
0.99999926900551
0.99999999665405
0.99999971769189
0.99975852544287
0.91888550607934
0.37575020897426
0.99999999997774
0.99999963550461
0.93257455553447
0.99999999999915
0.99999999995310
0.00000023944659
0.99999741497871
0.99999999914960
0.99989683417221
0.99977734956779
1.00000000000000
0.99907886658717
0.99998669597860
0.99999999999947
0.97739642600568
0.99999996451337
0.99999999999990
0.99999994268622
0.99985090117516
0.99999999999734
1.00000000000000
0.99999627083683
0.00044625536737
0.99999922608210
0.19512878304476
0.99987892900933
0.00224322102704
0.99999999766407
0.99999999930936
0.99995684614651
0.99999998647958
0.00000000051964
0.99986099212456
0.99999993566366
0.99830341530304
0.99985659022109
0.99999999999999
0.99999780521350
0.99999999937593
0.51407669597002
0.99999999896578
0.99999999997309
0.95464238862228
0.99990502780563
0.99999999999295
0.99612664814903
0.99999999650771
0.99999054534853
0.99928870585002
0.99998576103256
0.99898464570978
0.99999828081356
0.99999108837773
0.99999999999946
0.10464281350705
0.99999735099149
0.99999998630461
0.99999999999836
0.99999615995944
0.99999996360063
0.99999998957418
0.99907477889559
0.00000013336050
0.99999999992930
1.00000000000000
0.99999987589159
0.99998652341568
0.99993935561712
0.99961664007317
0.99996585624518
0.99841793941052
0.99999999999998
0.99999985720019
0.99997667628704
0.97084109974558
0.99999954687255
0.99620776924352
0.99999960638929
0.58427143080457
0.92998182863571
0.99999998500446
0.99999999992325
0.99981966665581
0.99999999987237
1.00000000000000
0.99999998608119
0.99999999999965
0.05269573306753
0.99999868795965
0.99999122218522
0.99999996965910
0.99999998260423
0.99982019207659
0.99999999824907
0.99978407351803
0.86481236239060
0.99999932841614
0.98758668603960
0.99997625712275
1.00000000000000
0.99999999999999
0.99999342174332
0.00567452942351
0.99999999999686
0.99999999618603
0.99999999989921
0.99999994295767
0.99999981510019
0.99999998049631
0.98019239501393
0.79845489409085
0.99997067095002
0.99999459404195
0.99999947371896
1.00000000000000
0.99999999999924
0.99999981724561
0.99999998438290
0.99999999199189
0.99972216964054
0.99999994043550
0.99999999999522
0.99999999312176
0.99999999999969
0.99999999842689
0.99999999082972
0.99999088797931
0.99999999970808
0.87182754664554
0.99851413293123
0.99917382127865
0.99999999999508
0.99999999997498
0.99990985614912
0.99959351567819
0.99994392861327
0.00001628868314
0.99785398488315
0.99999999979359
0.10788955145363
0.99999998346219
0.99999867888643
0.99999999991474
0.99994589271679
0.99999999999897
0.00000449742920
0.99999999999593
0.99838891399407
0.99999999999985
0.20781860070944
0.99999737354026
0.99999999999997
1.00000000000000
0.99999992193108
1.00000000000000
0.99999999350343
0.99999999817625
0.99999999999999
0.99999999999928
0.99999999998829
0.00000000000136
0.99999994940259
0.99999995441761
0.99999755633897
0.99999890955429
0.99999999999743
0.99999753873796
0.99999294387955
0.99999999999999
0.99603620085600
0.99965724523902
0.12347551915610
0.99999999867960
0.99999982339456
0.99999848775541
0.55613778813072
0.99999026062928
0.99999997898105
0.05031634992818
0.96553917062330
0.98170533739660
0.99999999993090
0.99999998826931
0.99999999999994
0.99999999693710
0.99999999999485
0.99999999999313
0.99999953504050
0.27162728276436
0.75788010778544
0.95648816868485
0.99997500901638
0.99999922250034
0.99999999940421
0.99999999763215
0.91782704586967
0.99999999418021
0.99959671114527
0.99999833528501
0.99999999892432
0.01838152810682
0.99999999389865
0.99985082187774
0.99261335070101
0.99999999999992
0.99999999517090
0.99999999999983
0.99999999999970
0.72294025149938
0.99946867308667
0.99972333374544
0.99995126565891
0.99999998947940
0.99999999528146
0.99999999496837
0.99963174801378
0.99993986584303
0.99987643075489
0.99999999879336
0.40223149379209
0.10172522740006
0.87310158395771
0.99973655047177
0.99995550664145
0.99999977655046
0.99977038565910
0.99999991077228
0.99999999999886
0.99999598058503
0.00394519220223
0.99999999846216
0.99999993828578
0.99996735510016
0.99999997883590
0.99999999999928
0.99999999983340
0.99999931241883
1.00000000000000
0.99985343600006
0.99999917213257
0.99999999932939
0.99999935285957
1.00000000000000
0.99999998190021
1.00000000000000
0.99999882761918
0.79663075019221
0.99999641661299
1.00000000000000
0.00542464462831
0.99976846554736
0.00002103616894
0.99999999999990
0.99999999999990
0.98922877564401
0.99999958363594
0.99999999596191
0.99986636888496
0.98475379985988
0.99999968028089
0.05632519362100
0.99999999998750
0.99806008561602
0.81303378842955
0.99999999999995
0.99763331598631
0.99918483872283
0.39794591816695
0.99999976029119
1.00000000000000
0.94496541116727
0.98659616186721
0.99997044036700
0.99999999999803
0.99999999930840
0.99999999995800
0.99993517360401
0.05504422311600
0.99999987072245
0.95580840995745
0.01600696382046
0.00000401311205
0.46990874611780
0.99999383905844
0.99999972376550
0.99750191837187
0.99999999957776
0.79397516974378
0.98210498107165
0.99999999570647
0.00000006457504
0.99551805639893
0.99995415909363
0.99999999999999
0.99999999747870
0.99999942035063
0.99999999089706
0.00000000021824
0.99999999996047
0.99999739217325
0.00035156943156
0.99999987472044
0.99999999999722
0.96981203590686
0.99919274065914
0.00017373504629
0.97829933778454
0.99993664690639
0.99955414644159
0.99999992628392
0.99999696821528
0.99999383247788
0.99999988386805
0.51138098353169
0.00186747345257
0.52499221862176
0.00000000076621
0.99251081313509
0.62579776798634
0.99999742894565
0.99999999989014
0.99999999994797
0.00015556873654
0.99996491255880
0.99999999999693
0.99999998659736
0.00037587240736
0.87976352801950
0.99999948965671
0.99999986385108
0.99650309320468
0.99997302592297
0.01454167959648
0.99999999999946
0.99231028362440
0.99999999991271
0.99959201902684
0.99999998923664
0.90493938181037
0.99971430473963
0.97691895700251
0.99997535472588
0.99987688237774
0.99959800330609
0.99999999991033
0.99999995771143
0.99999999973653
0.99960528608476
0.00639342627030
0.99999999999969
0.99999999999869
0.99993552501547
0.99997925419540
0.99978419644273
0.00177517035242
0.99999998921720
0.95827834303132
0.99565975782251
0.97159291358464
0.03319018992729
0.99990341975130
0.90376850455727
0.99438223153466
0.99999938520096
0.99999999820737
0.99706272067228
0.04373529912771
0.99999999986814
0.99999999999761
0.99999999969342
0.99999616270474
0.99999999753732
0.99999999949271
0.99999997983626
0.99994942161612
0.98343226225966
0.99989167799456
0.99999999870586
0.97311145340274
0.99999999996753
0.99999994776821
0.99999999864453
0.99999991452564
0.99997591586291
0.99999999958151
0.99999891879372
0.99998325656799
0.06639217215488
0.99989925398775
0.97908166538994
0.01401347525901
0.99999999885422
0.99969416636429
0.99894233741418
0.99996295730647
0.99999999971024
0.99999999924705
0.98849579553100
0.00098736752659
0.99881824397395
0.99999999965549
0.99990111606691
0.00000000006795
0.99996482914497
0.99999999997390
0.99999535928004
0.63025111603481
0.75067864516728
0.95983848628527
0.99999964340584
0.99922833029289
0.99999652384473
0.99977525899078
0.99999999828092
0.99999875509589
0.99999999513129
0.99999999981580
0.99999999999945
0.99979210432035
0.99978580999514
0.99063504823698
0.98309818147404
0.99999999997952
0.61686216588067
0.99999999999999
0.00000083157542
0.99999979873547
0.99999999997454
0.97238169979310
0.99999999999517
0.99999999995655
0.99816944647305
0.99999999790680
0.99862884505254
0.99998559946120
0.99999990846894
0.99367178920284
1.00000000000000
0.99999999999958
1.00000000000000
0.99954958632868
0.99999999989111
0.00010351481543
0.99999999645251
0.99995796849049
0.99999999999767
0.31699465210032
0.92477556610505
0.99998282952317
0.99999999999875
0.99560376523310
0.99999998664824
0.99999999999861
0.99999999999958
0.99999944934864
0.99999999495895
0.99413827661841
0.99999977795528
1.00000000000000
0.99899985910040
0.99999999990266
0.99999999999723
0.99999999987254
0.81829646201272
0.99999999387346
0.99999278882660
0.51966276383891
0.99989969781520
0.60273702863540
0.02441731090127
0.99999194445221
0.99121850859498
0.99999999999901
0.99999995034850
0.99999999961580
0.99999973028096
1.00000000000000
0.01297629386055
0.99999982004025
0.79710685847639
0.99999999993224
0.05161988925243
0.99999999960751
0.99999999999980
0.99991004305290
0.68946010585966
0.99999909250324
0.99999999997873
0.99999938575647
0.99884510143704
0.99999997011691
0.99890394148181
0.76921598165755
0.03263637105762
0.99832153642601
0.99996172980222
1.00000000000000
0.99999999999962
0.99999999999897
0.99999999655565
0.99884257170772
0.99912931031507
0.98900508867175
1.00000000000000
0.99999999999999
0.99999999792949
0.99999999817245
0.99999925582359
0.99999985581240
0.99999991309544
0.11078522962585
0.99998803715700
0.99992473770962
0.98607978074922
0.99999999999986
0.70745550670410
0.47502419869195
0.99999996968046
0.89439626586242
0.92603868206635
0.99981224195624
0.38391114983975
0.99958787894995
0.99999267800199
0.98132705846700
0.99999999925262
0.99999988056778
0.99671829055495
0.99885049492897
0.99977825182306
0.99999709138576
0.00001285492299
0.99999999027661
0.99996445136331
0.99721693218572
0.99994843618446
1.00000000000000
0.99999999928212
0.99999996278031
0.99999999996644
0.99999999999878
0.99999999997951
0.00000259917617
0.84404100513678
0.99999999999889
0.99999999975380
0.99928382162026
0.99999999405901
0.99999999999393
0.99999950546886
0.99999999999985
0.00062291867603
0.99999999999594
0.99999995536557
0.99999997745838
0.99999985290824
0.99999999573577
0.99999999999977
0.99999687999306
0.99983367365566
1.00000000000000
0.70761927291986
0.99999891279508
0.99987080703945
0.05891007003965
0.25264752924864
0.99999999877652
0.99999680191354
0.99999888358182
1.00000000000000
0.98221846294837
0.99999999999737
0.99999882104749
0.65124077608059
0.99999999979976
0.99994866284366
0.99999834009152
0.99999826917627
0.99999987566815
0.99999999999995
0.00000286706576
0.99999999999371
0.99640310884553
0.99999049429988
0.99999999952941
0.01628182298680
0.99999999794238
0.99999997359801
0.99999999932841
0.99999994717027
1.00000000000000
0.99999930480645
0.99999999721128
1.00000000000000
0.99999986136686
0.99999760018457
0.99993343116042
0.99995858957816
0.99999999999935
0.99999999999933
0.27806727863830
0.99999703360819
0.99999987394639
0.99999890384766
0.99997255969509
1.00000000000000
0.99999024895742
0.76347762262398
0.99999999998661
0.99997844452715
0.99995984427103
0.01037959642243
0.00106453507842
0.99999603823071
0.99999999999855
0.99999999999964
0.99999999977610
0.99999999999632
0.99999999999999
0.81289428568561
