0.36456265171062
0.35866561433282
0.32968506918194
0.75946792096477
0.35133968983057
0.79789639605590
0.34886579196176
0.39638989738892
0.61998712598799
0.34192581859181
0.31608548357102
0.23714250054151
0.50000000000000
0.62442705349147
0.84053361979691
0.62442705349147
0.40971262232065
0.62442705349147
0.62442705349147
0.88374369846308
0.32096577397417
0.73455440785284
0.31608548357102
0.34886579196176
0.34073327138927
0.63489590731653
0.31608548357102
0.34073327138927
0.95974451328633
0.34886579196176
0.61594740120484
0.76235709619901
0.34886579196176
0.34073327138927
0.23714250054151
0.40971262232065
0.33639408632394
0.37978472296017
0.67235438745434
0.32542469655854
0.35757754994436
0.40971262232065
0.34192581859181
0.75872717504057
0.62442705349147
0.37450334066620
0.36456265171062
0.66062457494712
0.37450334066620
0.34886579196176
0.30210768455984
0.33512261983590
0.31307936913010
0.34886579196176
0.35591551331250
0.34073327138927
0.40103529052745
0.33650363790131
0.34458751441322
0.37310236667960
0.31608548357102
0.35433255646316
0.36794100744291
0.73112099758096
0.35236500916692
0.86471409071172
0.83280475187681
0.83280475187681
0.41343463602465
0.30760558854414
0.81442316843269
0.70127042400433
0.31608548357102
0.34419403641994
0.72756421030504
0.34886579196176
0.34886579196176
0.34886579196176
0.38778211462809
0.24371656710961
0.60999807788542
0.34886579196176
0.31608548357102
0.75966097270583
0.62442705349147
0.31608548357102
0.30835523839887
0.34886579196176
0.34886579196176
0.34886579196176
0.75946792096477
0.35591551331250
0.65061993867091
0.26233985517307
0.73455440785284
0.76749107169415
0.28042564038482
0.59461411639250
0.34886579196176
0.60910659997124
0.30647438962374
0.34886579196176
0.34886579196176
0.34886579196176
0.35236500916692
0.34770641128974
0.62442705349147
0.99029677500000
0.34886579196176
0.34886579196176
0.29998918771454
0.34073327138927
0.62442705349147
0.40971262232065
0.34458751441322
0.30434198324609
0.46963263703062
0.34073327138927
0.60273897910872
0.79075881313570
0.66406170878400
0.35866561433282
0.62442705349147
0.83290455612400
0.34886579196176
0.34391116935967
0.81487003362101
0.34886579196176
0.63978142553690
0.34886579196176
0.86033350016106
0.35236500916692
0.24371656710961
0.31201657072744
0.34886579196176
0.30423810104750
0.34073327138927
0.69999207465236
0.33650363790131
0.34886579196176
0.34886579196176
0.33875165682977
0.34886579196176
0.34886579196176
0.33605518748182
0.64631426841858
0.62674712493251
0.76475070811019
0.35866561433282
0.33428852858224
0.31608548357102
0.74495631722401
0.54737223588052
0.35527172170768
0.34886579196176
0.74476782199747
0.42011885713527
0.83493379070390
0.32089601648283
0.34886579196176
0.53103285618152
0.34886579196176
0.75555664877212
0.31608548357102
0.34886579196176
0.34886579196176
0.34886579196176
0.33639408632394
0.31486411171754
0.97706004985214
0.70449026481341
0.33428852858224
0.31608548357102
0.30423810104750
0.68655750466121
0.34886579196176
0.61385553702359
0.34886579196176
0.34886579196176
0.34886579196176
0.34886579196176
0.31608548357102
0.37798233347276
0.62852912603863
0.32834241492462
0.42011885713527
0.35866561433282
0.31608548357102
0.75789138641267
0.32096577397417
0.43694343944267
0.76525578397667
0.34886579196176
0.66062457494712
0.25429342284563
0.62442705349147
0.35527172170768
0.34886579196176
0.31608548357102
0.63537603607643
0.24371656710961
0.28859149664417
0.75506016386735
0.75506016386735
0.31608548357102
0.40103529052745
0.62442705349147
0.34886579196176
0.54643970626238
0.77653005378114
0.33650363790131
0.33875165682977
0.58918325812587
0.28042564038482
0.34886579196176
0.77260427628099
0.86245271672166
0.40103529052745
0.35866561433282
0.34886579196176
0.34886579196176
0.97779293884945
0.34886579196176
0.35236500916692
0.33875165682977
0.71275994442217
0.34886579196176
0.32838036110213
0.78560153889501
0.49100103571678
0.28964088745326
0.34886579196176
0.62442705349147
0.34886579196176
0.58781360469287
0.34886579196176
0.61998712598799
0.18988877079248
0.31608548357102
0.34886579196176
0.30948766211559
0.59289806104183
0.30423810104750
0.34458751441322
0.36794100744291
0.31941719770287
0.34886579196176
0.40971262232065
0.34886579196176
0.30391676124046
0.75062477520359
0.74559577678594
0.28964088745326
0.72294254436149
0.38436422704532
0.31608548357102
0.24371656710961
0.50000000000000
0.74476782199747
0.31307936913010
0.75607151944929
0.32096577397417
0.83726268870999
0.34886579196176
0.34886579196176
0.34886579196176
0.24371656710961
0.25933228371417
0.34886579196176
0.54746854776469
0.34458751441322
0.34220274214674
0.54643970626238
0.24371656710961
0.78703502202359
0.35866561433282
0.65061993867091
0.34458751441322
0.34886579196176
0.34073327138927
0.78560153889501
0.34073327138927
0.62442705349147
0.32646024182815
0.33105732124757
0.40971262232065
0.70444078733147
0.34886579196176
0.75756665777028
0.24371656710961
0.36456265171062
0.32425379277280
0.58918325812587
0.28353731021229
0.99031291415968
0.34458751441322
0.37450334066620
0.34458751441322
0.32096577397417
0.34886579196176
0.30423810104750
0.34886579196176
0.25584837340562
0.36794100744291
0.34886579196176
0.39502665266168
0.73074569283396
0.35591551331250
0.33639408632394
0.34886579196176
0.72669712452092
0.33639408632394
0.30905455510655
0.34886579196176
0.34886579196176
0.64924023446043
0.31608548357102
0.34886579196176
0.33428852858224
0.39891518051931
0.25159134467500
0.33639408632394
0.34886579196176
0.22725060720012
0.58918325812587
0.33650363790131
0.35596068903296
0.96645129369925
0.78560153889501
0.62442705349147
0.34458751441322
0.33650363790131
0.30647438962374
0.35591551331250
0.35866561433282
0.34458751441322
0.62500047346487
0.61385553702359
0.37927082125053
0.88358025375150
0.24371656710961
0.30647438962374
0.74834124770283
0.56687167902318
0.76037810259045
0.34886579196176
0.36794100744291
0.62442705349147
0.33650363790131
0.39650731313055
0.24371656710961
0.28042564038482
0.34886579196176
0.40971262232065
0.65061993867091
0.34886579196176
0.34886579196176
0.58918325812587
0.34886579196176
0.32096577397417
0.31608548357102
0.33650363790131
0.34886579196176
0.35866561433282
0.28388576057702
0.73774747324726
0.83280475187681
0.34886579196176
0.34886579196176
0.33650363790131
0.28997887465824
0.24371656710961
0.77621217886459
0.79852959391142
0.32646024182815
0.35591551331250
0.66062457494712
0.67016839591013
0.30835523839887
0.31608548357102
0.33457771937587
0.59663940732436
0.31608548357102
0.62442705349147
0.32096577397417
0.36456265171062
0.30251621019054
0.34886579196176
0.61385553702359
0.24371656710961
0.64679964638182
0.72221666838992
0.34886579196176
0.31608548357102
0.30423810104750
0.24371656710961
0.33875165682977
0.34886579196176
0.40971262232065
0.31608548357102
0.35236500916692
0.30835523839887
0.62442705349147
0.34886579196176
0.35866561433282
0.31608548357102
0.58918325812587
0.39891518051931
0.31941719770287
0.34886579196176
0.35866561433282
0.34192581859181
0.33639408632394
0.33650363790131
0.78706817017027
0.26826778603510
0.31608548357102
0.31608548357102
0.34886579196176
0.34886579196176
0.34458751441322
0.33875165682977
0.36813029902204
0.97706004985214
0.40971262232065
0.34886579196176
0.36220844760194
0.30647438962374
0.67897103961407
0.40971262232065
0.34886579196176
0.32703896004645
0.35591551331250
0.34458751441322
0.40971262232065
0.78843043601200
0.30760558854414
0.79445294185554
0.34886579196176
0.31608548357102
0.34886579196176
0.33875165682977
0.34886579196176
0.66062457494712
0.63703427720817
0.62442705349147
0.77260427628099
0.34474078370383
0.34886579196176
0.34886579196176
0.30303267373327
0.35866561433282
0.33875165682977
0.33191032345334
0.62442705349147
0.34886579196176
0.34886579196176
0.28859149664417
0.77621217886459
0.28859149664417
0.32089601648283
0.60490406182479
0.34886579196176
0.59453695814741
0.34458751441322
0.34886579196176
0.76543658695995
0.34886579196176
0.62442705349147
0.62674712493251
0.40971262232065
0.31608548357102
0.31608548357102
0.97706004985214
0.34886579196176
0.77621217886459
0.34886579196176
0.32542469655854
0.33229959380752
0.30303267373327
0.34886579196176
0.23714250054151
0.34886579196176
0.65052026821995
0.33650363790131
0.72057139628044
0.78560153889501
0.63151554044009
0.34886579196176
0.33650318493299
0.27621550965778
0.28042564038482
0.98975492678121
0.34886579196176
0.41343463602465
0.83868888878336
0.35236500916692
0.76879209537993
0.34886579196176
0.34886579196176
0.32542469655854
0.36220844760194
0.35591551331250
0.31856955993174
0.40971262232065
0.31201657072744
0.35236500916692
0.58267564816562
0.99029677500000
0.34886579196176
0.31608548357102
0.34886579196176
0.28859149664417
0.34886579196176
0.39638989738892
0.76374187334531
0.57571647764213
0.31608548357102
0.34886579196176
0.34192581859181
0.28859149664417
0.32542469655854
0.83493379070390
0.33512261983590
0.30948766211559
0.33428852858224
0.34886579196176
0.33639408632394
0.30835523839887
0.34886579196176
0.40971262232065
0.40231009827054
0.88253281187632
0.42635458427969
0.32096577397417
0.35591551331250
0.34886579196176
0.34886579196176
0.31608548357102
0.70127042400433
0.59408796884563
0.82502217485276
0.72670981417105
0.31608548357102
0.75869093429652
0.34886579196176
0.34886579196176
0.32520792193076
0.31201657072744
0.34458751441322
0.31929881979337
0.40103529052745
0.35236500916692
0.65470589770506
0.58918325812587
0.31941719770287
0.34886579196176
0.31127382586289
0.34886579196176
0.31608548357102
0.77815163734162
0.37450334066620
0.50000000000000
0.77815163734162
0.24371656710961
0.31608548357102
0.34564137131618
0.32096577397417
0.34886579196176
0.33875165682977
0.28859149664417
0.32096577397417
0.37811038276732
0.33994359497072
0.34886579196176
0.76525578397667
0.23714250054151
0.34886579196176
0.75506016386735
0.34886579196176
0.80542338113765
0.29268073113827
0.34886579196176
0.34886579196176
0.31608548357102
0.34886579196176
0.24371656710961
0.29451921164959
0.76174470144202
0.40971262232065
0.24371656710961
0.34886579196176
0.97779293884945
0.34886579196176
0.34886579196176
0.64064520440231
0.33191032345334
0.34886579196176
0.31608548357102
0.72144889355262
0.24371656710961
0.72756421030504
0.37450334066620
0.34886579196176
0.47714316336002
0.97706004985214
0.34886579196176
0.42011885713527
0.72169592734421
0.50000000000000
0.77470807827792
0.75506016386735
0.34886579196176
0.60891598697340
0.35866561433282
0.34458751441322
0.34886579196176
0.46963263703062
0.23714250054151
0.66062457494712
0.31608548357102
0.34886579196176
0.34886579196176
0.32089601648283
0.75038791057987
0.33512261983590
0.35591551331250
0.34886579196176
0.34886579196176
0.33105732124757
0.31929881979337
0.34886579196176
0.28050409064607
0.75506016386735
0.74834124770283
0.29548373137676
0.51618195706750
0.34886579196176
0.33994359497072
0.34458751441322
0.33650363790131
0.31608548357102
0.25584837340562
0.63164345725758
0.37450334066620
0.34886579196176
0.54862649513138
0.34849280225005
0.34886579196176
0.40971262232065
0.31608548357102
0.34886579196176
0.34886579196176
0.40971262232065
0.35236500916692
0.30647438962374
0.34886579196176
0.34886579196176
0.37157781801256
0.58918325812587
0.34886579196176
0.32089601648283
0.32096577397417
0.34886579196176
0.33453368804584
0.63191712236236
0.34073327138927
0.34886579196176
0.63164345725758
0.30835523839887
0.76290142283506
0.34886579196176
0.98753899271885
0.73514029241685
0.42635458427969
0.33650363790131
0.51413795304240
0.34073327138927
0.34886579196176
0.30566955967539
0.33650363790131
0.31608548357102
0.34886579196176
0.34886579196176
0.34886579196176
0.34570550841892
0.32089601648283
0.34886579196176
0.34886579196176
0.61594740120484
0.31608548357102
0.35960940063180
0.72361757408459
0.34886579196176
0.33650363790131
0.32096577397417
0.35866561433282
0.84960077758254
0.73774747324726
0.40971262232065
0.75155008996692
0.65061993867091
0.32096577397417
0.76749107169415
0.33453368804584
0.37008935926278
0.83280475187681
0.61385553702359
0.82502217485276
0.39650731313055
0.75586604985570
0.31929881979337
0.34886579196176
0.34886579196176
0.34886579196176
0.34886579196176
0.56783596768711
0.76478247487390
0.35104509026823
0.31608548357102
0.34886579196176
0.34886579196176
0.28859149664417
0.34886579196176
0.34886579196176
0.35866561433282
0.31486411171754
0.40971262232065
0.30314587528558
0.34886579196176
0.33512261983590
0.25159134467500
0.79752018927518
0.98975492678121
0.34886579196176
0.33639408632394
0.30640756034617
0.30035785151522
0.73108928357242
0.34886579196176
0.34886579196176
0.53934274452462
0.31608548357102
0.28859149664417
0.28420947934350
0.24371656710961
0.57828968405392
0.42011885713527
0.33639408632394
0.33650363790131
0.72133811016484
0.34886579196176
0.33650363790131
0.32300587787276
0.30715032179317
0.34886579196176
0.31127382586289
0.34886579196176
0.62442705349147
0.34886579196176
0.31201657072744
0.34886579196176
0.57906455762306
0.74302965844212
0.72221666838992
0.83280475187681
0.62442705349147
0.34886579196176
0.30647438962374
0.35236500916692
0.34886579196176
0.34886579196176
0.30647438962374
0.58781360469287
0.24371656710961
0.34886579196176
0.62115182723903
0.40515245396663
0.40971262232065
0.24371656710961
0.35198967279756
0.32096577397417
0.34886579196176
0.31310198397109
0.33605518748182
0.34886579196176
0.58918325812587
0.34886579196176
0.24371656710961
0.34886579196176
0.34886579196176
0.40971262232065
0.32280118632205
0.79852959391142
0.33229959380752
0.31608548357102
0.33875165682977
0.33128197745741
0.33428852858224
0.34886579196176
0.31608548357102
0.24371656710961
0.24371656710961
0.33875165682977
0.34886579196176
0.74166318542011
0.33650363790131
0.34886579196176
0.30948766211559
0.65061993867091
0.35591551331250
0.33875165682977
0.34886579196176
0.83280475187681
0.97663285824904
0.31608548357102
0.24371656710961
0.36794100744291
0.24371656710961
0.34886579196176
0.31608548357102
0.34886579196176
0.33650363790131
0.34886579196176
0.34886579196176
0.30835523839887
0.32089601648283
0.33605518748182
0.37970933038262
0.33639408632394
0.40971262232065
0.31608548357102
0.35866561433282
0.34886579196176
0.34886579196176
0.34886579196176
0.32089601648283
0.40971262232065
0.61594740120484
0.61594740120484
0.34474078370383
0.24656047587773
0.26938837420087
0.34391116935967
0.28859149664417
0.34458751441322
0.36794100744291
0.34886579196176
0.33875165682977
0.57828968405392
0.73112099758096
0.34886579196176
0.37450334066620
0.61594740120484
0.33037952568957
0.31608548357102
0.34886579196176
0.34886579196176
0.38571413578909
0.34886579196176
0.99029677500000
0.56549957827852
0.31608548357102
0.42011885713527
0.61957645349911
0.34886579196176
0.62442705349147
0.31201657072744
0.35591551331250
0.34886579196176
0.32300587787276
0.34073327138927
0.35866561433282
0.42011885713527
0.35866561433282
0.52846656214710
0.34886579196176
0.34886579196176
0.72891606995253
0.32425379277280
0.33875165682977
0.34886579196176
0.75869093429652
0.24371656710961
0.71859876708684
0.75155008996692
0.30647438962374
0.29664797388043
0.75044250712138
0.24371656710961
0.77815163734162
0.32089601648283
0.71578191005721
0.37753074600817
0.67897103961407
0.34886579196176
0.33875165682977
0.62442705349147
0.30035785151522
0.33639408632394
0.60273897910872
0.34514795976206
0.34886579196176
0.31608548357102
0.34886579196176
0.35236500916692
0.28964088745326
0.34886579196176
0.97663285824904
0.66062457494712
0.33105732124757
0.62442705349147
0.40971262232065
0.36456265171062
0.36456265171062
0.74834124770283
0.34886579196176
0.75506016386735
0.41343463602465
0.24371656710961
0.58918325812587
0.34886579196176
0.32843908312452
0.24371656710961
0.24371656710961
0.37297348971025
0.34886579196176
0.34886579196176
0.77815163734162
0.34886579196176
0.37450334066620
0.76879209537993
0.38778211462809
0.34886579196176
0.33650363790131
0.25621298818061
0.34448747962679
0.34886579196176
0.33875165682977
0.76644599282157
0.24371656710961
0.34886579196176
0.34886579196176
0.33191032345334
0.31608548357102
0.33650363790131
0.34770641128974
0.86521400973994
0.88374369846308
0.34073327138927
0.28042564038482
0.31608548357102
0.31608548357102
0.66062457494712
0.83868888878336
0.33639408632394
0.36456265171062
0.25159134467500
0.75506016386735
0.33875165682977
0.31127382586289
0.34886579196176
0.32280118632205
0.34886579196176
0.33875165682977
0.31201657072744
0.34886579196176
0.31414716699668
0.24656047587773
0.24371656710961
0.77937864530321
0.34570550841892
0.27684527812229
0.30423810104750
0.34886579196176
0.33639408632394
0.34458751441322
0.40971262232065
0.34886579196176
0.31201657072744
0.40971262232065
0.73291888258902
0.34886579196176
0.31941719770287
0.32300587787276
0.31608548357102
0.33639408632394
0.40634512092785
0.34886579196176
0.60064933907480
0.34602975006833
0.33229959380752
0.34886579196176
0.28042564038482
0.61594740120484
0.38985681324313
0.62802436800828
0.34886579196176
0.33229959380752
0.33994359497072
0.49100103571678
0.32838036110213
0.31608548357102
0.88374369846308
0.58918325812587
0.34886579196176
0.24371656710961
0.33548586983470
0.36794100744291
0.32325502403184
0.32096577397417
0.34886579196176
0.77815163734162
0.34448747962679
0.34458751441322
0.37798233347276
0.34073327138927
0.33605518748182
0.32089601648283
0.35866561433282
0.34073327138927
0.32646024182815
0.34448747962679
0.66396661016244
0.33875165682977
0.40971262232065
0.35866561433282
0.34886579196176
0.24371656710961
0.33512261983590
0.31608548357102
0.95810212222423
0.78560153889501
0.62442705349147
0.97854442306086
0.34570550841892
0.34886579196176
0.71303925448797
0.62442705349147
0.35866561433282
0.34886579196176
0.28859149664417
0.34886579196176
0.31307936913010
0.34448747962679
0.57828968405392
0.28964088745326
0.34474078370383
0.69490680242167
0.30434198324609
0.33639408632394
0.75038774902944
0.71587656586533
0.34886579196176
0.34458751441322
0.32096577397417
0.74773018592626
0.33875165682977
0.34458751441322
0.78973697757198
0.34886579196176
0.28042564038482
0.93223742943328
0.32838036110213
0.38459795937530
0.58460385668886
0.34886579196176
0.31127382586289
0.33875165682977
0.59461411639250
0.34886579196176
0.78316788549632
0.63033537296045
0.33105732124757
0.37970933038262
0.34073327138927
0.98266979739514
0.50000000000000
0.24371656710961
0.28042564038482
0.75756665777028
0.83868888878336
0.97706004985214
0.34886579196176
0.34073327138927
0.61594740120484
0.31608548357102
0.31608548357102
0.66062457494712
0.40847788410545
0.35236500916692
0.34073327138927
0.75586604985570
0.88101139958649
0.59453695814741
0.34886579196176
0.85362361887647
0.83280475187681
0.35866561433282
0.33650363790131
0.81967480613885
0.33639408632394
0.75089381348298
0.31608548357102
0.49100103571678
0.36182275607402
0.34073327138927
0.34886579196176
0.24371656710961
0.31201657072744
0.62954706635385
0.33639408632394
0.34886579196176
0.34886579196176
0.33229959380752
0.31608548357102
0.24371656710961
0.31608548357102
0.30948766211559
0.34886579196176
0.28042564038482
0.98753899271885
0.24371656710961
0.28709499013840
0.72294254436149
0.99990777816785
0.40971262232065
0.79752018927518
0.73224997900185
0.32096577397417
0.33875165682977
0.34886579196176
0.24371656710961
0.64962767634018
0.74949781774042
0.76374187334531
0.34192581859181
0.34886579196176
0.36794100744291
0.30640756034617
0.71566177987884
0.33650363790131
0.31608548357102
0.34886579196176
0.38198837388397
0.32096577397417
0.34886579196176
0.39650731313055
0.37450334066620
0.24371656710961
0.24371656710961
0.39066164797725
0.33650363790131
0.37798233347276
0.33605518748182
0.31608548357102
0.30423810104750
0.28859149664417
0.34886579196176
0.29998918771454
0.34886579196176
0.32218733036258
0.24371656710961
0.36794100744291
0.74495631722401
0.34886579196176
0.62442705349147
0.83280475187681
0.65061993867091
0.61279483592406
0.62442705349147
0.72336889141406
0.28388576057702
0.31608548357102
0.30423810104750
0.34474078370383
0.62442705349147
0.59461411639250
0.34886579196176
0.34458751441322
0.37450334066620
0.31608548357102
0.34073327138927
0.75966097270583
0.83280475187681
0.24371656710961
0.59954690171801
0.29998918771454
0.34073327138927
0.35236500916692
0.72899179934313
0.86521400973994
0.33650363790131
0.33639408632394
0.97800148396939
0.37970933038262
0.35236500916692
0.31929881979337
0.36610920926134
0.33105732124757
0.97706004985214
0.98975492678121
0.33229959380752
0.34886579196176
0.34073327138927
0.50000000000000
0.31201657072744
0.83280475187681
0.31608548357102
0.34073327138927
0.24371656710961
0.34886579196176
0.31486411171754
0.32089601648283
0.65052026821995
0.85889921036275
0.41343463602465
0.97706004985214
0.61594740120484
0.32838036110213
0.35866561433282
0.33639408632394
0.34886579196176
0.34886579196176
0.31608548357102
0.30434198324609
0.62442705349147
0.35757754994436
0.95974451328633
0.24371656710961
0.34886579196176
0.31608548357102
0.31608548357102
0.33650363790131
0.32300587787276
0.33105732124757
0.79752018927518
0.71566177987884
0.32714950640016
0.30835523839887
0.75506016386735
0.30647438962374
0.31608548357102
0.37450334066620
0.30434198324609
0.62802436800828
0.25052789287622
0.62442705349147
0.34886579196176
0.29451921164959
0.34886579196176
0.63164345725758
0.34886579196176
0.83345705898902
0.34770641128974
0.34886579196176
0.34886579196176
0.33875165682977
0.33650363790131
0.70246649276931
0.28964088745326
0.76290142283506
0.34886579196176
0.77448123695504
0.62442705349147
0.29664797388043
0.34886579196176
0.23714250054151
0.35236500916692
0.34886579196176
0.31608548357102
0.35236500916692
0.30647438962374
0.34886579196176
0.24371656710961
0.28859149664417
0.97706004985214
0.35866561433282
0.34886579196176
0.37297348971025
0.36456265171062
0.33639408632394
0.65739367517392
0.34886579196176
0.76749107169415
0.77795346465838
0.24371656710961
0.45992966024195
0.28859149664417
0.01927039025237
0.97829428768271
0.66062457494712
0.34458751441322
0.40971262232065
0.73429303346879
0.36456265171062
0.36734108377255
0.28859149664417
0.99029677500000
0.31929881979337
0.24371656710961
0.34886579196176
0.31929881979337
0.32096577397417
0.37978472296017
0.34886579196176
0.31608548357102
0.34886579196176
0.83280475187681
0.24371656710961
0.34886579196176
0.74834124770283
0.31608548357102
0.58918325812587
0.34886579196176
0.35591551331250
0.30905455510655
0.29156737889489
0.31608548357102
0.33639408632394
0.39638989738892
0.30948766211559
0.35236500916692
0.37753074600817
0.33512261983590
0.50000000000000
0.31608548357102
0.34886579196176
0.54737223588052
0.40971262232065
0.87780466164236
0.58918325812587
0.32096577397417
0.78560153889501
0.34886579196176
0.31608548357102
0.34886579196176
0.34886579196176
0.34886579196176
0.83868888878336
0.33650363790131
0.24371656710961
0.35866561433282
0.34886579196176
0.33512261983590
0.34886579196176
0.63164345725758
0.32425379277280
0.34886579196176
0.34770641128974
0.77487380967929
0.31201657072744
0.24371656710961
0.33650363790131
0.66062457494712
0.76879209537993
0.33875165682977
0.35866561433282
0.30434198324609
0.34192581859181
0.58918325812587
0.40971262232065
0.35866561433282
0.34886579196176
0.27621550965778
0.62442705349147
0.38176738248993
0.58918325812587
0.99029677500000
0.34073327138927
0.35866561433282
0.31608548357102
0.64139023654275
0.35236500916692
0.34886579196176
0.30303267373327
0.32096577397417
0.34886579196176
0.31486411171754
0.66062457494712
0.32542469655854
0.35236500916692
0.34886579196176
0.34886579196176
0.33875165682977
0.30647438962374
0.34886579196176
0.61385553702359
0.34886579196176
0.34886579196176
0.30434198324609
0.34886579196176
0.31608548357102
0.34886579196176
0.33639408632394
0.69249812164857
0.35591551331250
0.24371656710961
0.40515245396663
0.34886579196176
0.35236500916692
0.34886579196176
0.31486411171754
0.34570550841892
0.77022233365114
0.34570550841892
0.57432330949441
0.34886579196176
0.33512261983590
0.33639408632394
0.28964088745326
0.50000000000000
0.59453695814741
0.32520792193076
0.32542469655854
0.35236500916692
0.34886579196176
0.24371656710961
0.98234518382859
0.31310198397109
0.58794637491028
0.62442705349147
0.76374187334531
0.62501416352225
0.34886579196176
0.34886579196176
0.34458751441322
0.34886579196176
0.34886579196176
0.35866561433282
0.40971262232065
0.75966097270583
0.82714047443409
0.24371656710961
0.36456265171062
0.33387212452003
0.33512261983590
0.63442550827829
0.83280475187681
0.36173741528832
0.58918325812587
0.74476743634492
0.53934274452462
0.72756421030504
0.67041140873906
0.34448747962679
0.36794100744291
0.54737223588052
0.31608548357102
0.34886579196176
0.71578191005721
0.28919208777849
0.34886579196176
0.40971262232065
0.34886579196176
0.23714250054151
0.34886579196176
0.39891518051931
0.34886579196176
0.71578191005721
0.62442705349147
0.34886579196176
0.32542469655854
0.33650363790131
0.32838036110213
0.33191032345334
0.34886579196176
0.36030907509073
0.31608548357102
0.34391116935967
0.32264842534179
0.39066164797725
0.34886579196176
0.58044253269888
0.34886579196176
0.31201657072744
0.34458751441322
0.86245271672166
0.31608548357102
0.37450334066620
0.33875165682977
0.63164345725758
0.95810212222423
0.28181362863995
0.98266979739514
0.33639408632394
0.33639408632394
0.33512261983590
0.40971262232065
0.75506016386735
0.62442705349147
0.65201859323505
0.33875165682977
0.83280475187681
0.31608548357102
0.33875165682977
0.33605518748182
0.28859149664417
0.38778211462809
0.34886579196176
0.30423810104750
0.25429342284563
0.34886579196176
0.61957645349911
0.32096577397417
0.76644599282157
0.36456265171062
0.34886579196176
0.33512261983590
0.31608548357102
0.34886579196176
0.78560153889501
0.28859149664417
0.33229959380752
0.33650363790131
0.31608548357102
0.42011885713527
0.62442705349147
0.32280118632205
0.40971262232065
0.61594740120484
0.75506016386735
0.34886579196176
0.40971262232065
0.98266979739514
0.34886579196176
0.26313297804805
0.34886579196176
0.74940567519023
0.59461411639250
0.28859149664417
0.34886579196176
0.34886579196176
0.34886579196176
0.34886579196176
0.34886579196176
0.34458751441322
0.34886579196176
0.32280118632205
0.32425379277280
0.33650363790131
0.71567478143620
0.34886579196176
0.34073327138927
0.33639408632394
0.30423810104750
0.36456265171062
0.33428852858224
0.34886579196176
0.33639408632394
0.30948766211559
0.34886579196176
0.78560153889501
0.60999807788542
0.34886579196176
0.50000000000000
0.31608548357102
0.77621217886459
0.31608548357102
0.31608548357102
0.63661163904160
0.69249812164857
0.32646024182815
0.34886579196176
0.33639408632394
0.36794100744291
0.34886579196176
0.36456265171062
0.31127382586289
0.34886579196176
0.38181389436549
0.25429342284563
0.64594346422340
0.37798233347276
0.33030871747842
0.31201657072744
0.35866561433282
0.61720140872489
0.34886579196176
0.40971262232065
0.76513021078046
0.31608548357102
0.31608548357102
0.31856955993174
0.33650363790131
0.58918325812587
0.33875165682977
0.75369533470633
0.31608548357102
0.62442705349147
0.31608548357102
0.32542469655854
0.98956161567166
0.34886579196176
0.32542469655854
0.37753074600817
0.33037952568957
0.23714250054151
0.40971262232065
0.31201657072744
0.72670981417105
0.32843908312452
0.34474078370383
0.34886579196176
0.75506016386735
0.34886579196176
0.31608548357102
0.31608548357102
0.34458751441322
0.35757754994436
0.34886579196176
0.34886579196176
0.34886579196176
0.59461411639250
0.35866561433282
0.78473996946243
0.37450334066620
0.98169028047838
0.32096577397417
0.33030871747842
0.36456265171062
0.30948766211559
0.34886579196176
0.32714950640016
0.61385553702359
0.34886579196176
0.34886579196176
0.35236500916692
0.30905455510655
0.34570550841892
0.62442705349147
0.37978472296017
0.60269777948925
0.24371656710961
0.33191032345334
0.62442705349147
0.54737223588052
0.35866561433282
0.31608548357102
0.34886579196176
0.32838036110213
0.34886579196176
0.31941719770287
0.77815163734162
0.33875165682977
0.34886579196176
0.34886579196176
0.34886579196176
0.34073327138927
0.62442705349147
0.33650363790131
0.62442705349147
0.34886579196176
0.34886579196176
0.61135349871961
0.69249812164857
0.28859149664417
0.33191032345334
0.33875165682977
0.31941719770287
0.34458751441322
0.28997887465824
0.38993295406454
0.34458751441322
0.35433255646316
0.31608548357102
0.34073327138927
0.30423810104750
0.79752018927518
0.62442705349147
0.31201657072744
0.34856547966043
0.24025198799610
0.40971262232065
0.62442705349147
0.32096577397417
0.34886579196176
0.31486411171754
0.76152146969895
0.31608548357102
0.40971262232065
0.34886579196176
0.78560153889501
0.31127382586289
0.39650731313055
0.38985681324313
0.31486411171754
0.33875165682977
0.34770641128974
0.72756421030504
0.34886579196176
0.34886579196176
0.42635458427969
0.35236500916692
0.34458751441322
0.35433255646316
0.46963263703062
0.34886579196176
0.34458751441322
0.31608548357102
0.24025198799610
0.32838036110213
0.34886579196176
0.71260216684468
0.32089601648283
0.77815163734162
0.24371656710961
0.50000000000000
0.28420947934350
0.75586604985570
0.74949781774042
0.34886579196176
0.34602975006833
0.34886579196176
0.33650363790131
0.33650363790131
0.34886579196176
0.35866561433282
0.32089601648283
0.62442705349147
0.31608548357102
0.99029677500000
0.57444147555132
0.31608548357102
0.34886579196176
0.72294254436149
0.29451921164959
0.33105732124757
0.34886579196176
0.33650363790131
0.40971262232065
0.75089381348298
0.31608548357102
0.33120946381591
0.34886579196176
0.30303267373327
0.33875165682977
0.31608548357102
0.50000000000000
0.34458751441322
0.34886579196176
0.75869093429652
0.28042564038482
0.97706004985214
0.88374369846308
0.30303267373327
0.61998712598799
0.71587656586533
0.35866561433282
0.34886579196176
0.35866561433282
0.63759679630764
0.33875165682977
0.76879209537993
0.31608548357102
0.90646392648731
0.33650363790131
0.34886579196176
0.66239151843256
0.31608548357102
0.95810212222423
0.30303267373327
0.30835523839887
0.32096577397417
0.73108928357242
0.28964088745326
0.30835523839887
0.33875165682977
0.58460385668886
0.34886579196176
0.31608548357102
0.75062477520359
0.75506016386735
0.71578191005721
0.34886579196176
0.34886579196176
0.33191032345334
0.59408796884563
0.61135349871961
0.62442705349147
0.31317082849723
0.34886579196176
0.31608548357102
0.35236500916692
0.97663285824904
0.89245711615040
0.30647438962374
0.58918325812587
0.28859149664417
0.39891518051931
0.30434198324609
0.36456265171062
0.31608548357102
0.34886579196176
0.60273897910872
0.31608548357102
0.40971262232065
0.79075881313570
0.73604510142815
0.33759557138497
0.40971262232065
0.34886579196176
0.24371656710961
0.24371656710961
0.75122454498212
0.32542469655854
0.33875165682977
0.32542469655854
0.31608548357102
0.78560153889501
0.31608548357102
0.36456265171062
0.36456265171062
0.24371656710961
0.70127042400433
0.78560153889501
0.86632459683736
0.31608548357102
0.66016566684597
0.02034799201311
0.32280118632205
0.35866561433282
0.78324395068483
0.35236500916692
0.32089601648283
0.61594740120484
0.78560153889501
0.64139023654275
0.74476782199747
0.42011885713527
0.30303267373327
0.33191032345334
0.31608548357102
0.36456265171062
0.34886579196176
0.75506016386735
0.98975492678121
0.33387212452003
0.74834124770283
0.78546370666063
0.62852912603863
0.88374369846308
0.36162412608563
0.29664797388043
0.83493379070390
0.58044253269888
0.62442705349147
0.33428852858224
0.37798233347276
0.40971262232065
0.31608548357102
0.32418434328583
0.34886579196176
0.71264003638642
0.33650363790131
0.34886579196176
0.69258089638307
0.36794100744291
0.33875165682977
0.30647438962374
0.50000000000000
0.33875165682977
0.32096577397417
0.71264003638642
0.31608548357102
0.32089601648283
0.25159134467500
0.25982862864766
0.35866561433282
0.79789639605590
0.32089601648283
0.33875165682977
0.33650363790131
0.32089601648283
0.83280475187681
0.35236500916692
0.80542338113765
0.33650363790131
0.84906793519646
0.24371656710961
0.58918325812587
0.32542469655854
0.62442705349147
0.34886579196176
0.34886579196176
0.30251621019054
0.34886579196176
0.65061993867091
0.40103529052745
0.66336636471244
0.33639408632394
0.34458751441322
0.62442705349147
0.33650363790131
0.34886579196176
0.31608548357102
0.35866561433282
0.33650363790131
0.34886579196176
0.99029677500000
0.34886579196176
0.30835523839887
0.33650363790131
0.32089601648283
0.63442550827829
0.33428852858224
0.83280475187681
0.34886579196176
0.31608548357102
0.24371656710961
0.33639408632394
0.36162412608563
0.87716514039250
0.56550534572053
0.34886579196176
0.34886579196176
0.34886579196176
0.71884734348441
0.34886579196176
0.42111816906521
0.34886579196176
0.31608548357102
0.62442705349147
0.24371656710961
0.28420947934350
0.34886579196176
0.40103529052745
0.34458751441322
0.34192581859181
0.28859149664417
0.31608548357102
0.74749817595244
0.72670981417105
0.71476357329886
0.33650363790131
0.54737223588052
0.58918325812587
0.61594740120484
0.34770641128974
0.28042564038482
0.33639408632394
0.24371656710961
0.34886579196176
0.65061993867091
0.35191737650492
0.34886579196176
0.58918325812587
0.75506016386735
0.31201657072744
0.30423810104750
0.32089601648283
0.31317082849723
0.80246285438235
0.62115182723903
0.98975492678121
0.35591551331250
0.34886579196176
0.91449835989122
0.62442705349147
0.35591551331250
0.34886579196176
0.34886579196176
0.34886579196176
0.65739367517392
0.33650363790131
0.31941719770287
0.34886579196176
0.85362361887647
0.31608548357102
0.35591551331250
0.36794100744291
0.44663386953648
0.77487380967929
0.39650731313055
0.77260427628099
0.97706004985214
0.97740200827907
0.32129204005236
0.36794100744291
0.36019836394073
0.40971262232065
0.80721515314731
0.40971262232065
0.50000000000000
0.34886579196176
0.34886579196176
0.34073327138927
0.35591551331250
0.34886579196176
0.31307936913010
0.34886579196176
0.24371656710961
0.31608548357102
0.33650363790131
0.34886579196176
0.31608548357102
0.36794100744291
0.62442705349147
0.24371656710961
0.87716514039250
0.34192581859181
0.61594740120484
0.35866561433282
0.75089381348298
0.33875165682977
0.34886579196176
0.40473252466815
0.33105732124757
0.31608548357102
0.34886579196176
0.33650363790131
0.40971262232065
0.34886579196176
0.35866561433282
0.33191032345334
0.88253281187632
0.24371656710961
0.31608548357102
0.24371656710961
0.83493379070390
0.33875165682977
0.76749107169415
0.35591551331250
0.30423810104750
0.84211509038011
0.34886579196176
0.31608548357102
0.32542469655854
0.77795346465838
0.64962767634018
0.34347781001917
0.66062457494712
0.36456265171062
0.84211509038011
0.28859149664417
0.34886579196176
0.85362361887647
0.60999807788542
0.33457771937587
0.25429342284563
0.34073327138927
0.35591551331250
0.32542469655854
0.62442705349147
0.31608548357102
0.34886579196176
0.42011885713527
0.34073327138927
0.34886579196176
0.62442705349147
0.33650363790131
0.77260427628099
0.32089601648283
0.24371656710961
0.34347781001917
0.33875165682977
0.34886579196176
0.34886579196176
0.66062457494712
0.63442550827829
0.77815163734162
0.34073327138927
0.35866561433282
0.50000000000000
0.78546370666063
0.34886579196176
0.40971262232065
0.24371656710961
0.24656047587773
0.31486411171754
0.64548783360360
0.33639408632394
0.34886579196176
0.50000000000000
0.60655465802707
0.40971262232065
0.31608548357102
0.34886579196176
0.34192581859181
0.72757532267490
0.34886579196176
0.61594740120484
0.77487380967929
0.62542308832002
0.34886579196176
0.34886579196176
0.79924492911415
0.34886579196176
0.55855051844273
0.33875165682977
0.54737223588052
0.32089601648283
0.62802436800828
0.83721907117561
0.34886579196176
0.34886579196176
0.36456265171062
0.61235194834043
0.35866561433282
0.32089601648283
0.34886579196176
0.34886579196176
0.35236500916692
0.33428852858224
0.36456265171062
0.58918325812587
0.74949781774042
0.32542469655854
0.76749107169415
0.33875165682977
0.39066164797725
0.35591551331250
0.78560153889501
0.83280475187681
0.32096577397417
0.31608548357102
0.34886579196176
0.31608548357102
0.36456265171062
0.31608548357102
0.35236500916692
0.35866561433282
0.42011885713527
0.76272876911673
0.37978472296017
0.72808389269179
0.32838036110213
0.33875165682977
0.34886579196176
0.33229959380752
0.77815163734162
0.34886579196176
0.74166318542011
0.40971262232065
0.31608548357102
0.37970933038262
0.37756217042434
0.62442705349147
0.70161120799224
0.30314587528558
0.30647438962374
0.34886579196176
0.32089601648283
0.34886579196176
0.87644362531150
0.64367487607154
0.65061993867091
0.79752018927518
0.36794100744291
0.28042564038482
0.75506016386735
0.71578191005721
0.34886579196176
0.40971262232065
0.50514160536193
0.62442705349147
0.66062457494712
0.65052026821995
0.32542469655854
0.78316788549632
0.40971262232065
0.33105732124757
0.32049033500786
0.35866561433282
0.33650363790131
0.31608548357102
0.33650363790131
0.31608548357102
0.99029677500000
0.25159134467500
0.30251621019054
0.98107855524393
0.31929881979337
0.75789138641267
0.34886579196176
0.30303267373327
0.62442705349147
0.39638989738892
0.23714250054151
0.71578191005721
0.63442550827829
0.34886579196176
0.31608548357102
0.34448747962679
0.34886579196176
0.34886579196176
0.31164260035791
0.34886579196176
0.40971262232065
0.80542338113765
0.35236500916692
0.30218304882985
0.32096577397417
0.24371656710961
0.35866561433282
0.24371656710961
0.33512261983590
0.34886579196176
0.32089601648283
0.79075881313570
0.33512261983590
0.34886579196176
0.32129204005236
0.31520760671372
0.31608548357102
0.34886579196176
0.75966097270583
0.37450334066620
0.34458751441322
0.34886579196176
0.99029677500000
0.36318464815425
0.30760558854414
0.40971262232065
0.30835523839887
0.59461411639250
0.33105732124757
0.40971262232065
0.32280118632205
0.62442705349147
0.76374187334531
0.24371656710961
0.58918325812587
0.83868888878336
0.24371656710961
0.97706004985214
0.87363677099964
0.40971262232065
0.30835523839887
0.98670815436834
0.28859149664417
0.40971262232065
0.72644382784269
0.35591551331250
0.34886579196176
0.69156841317176
0.32542469655854
0.40971262232065
0.30647438962374
0.34886579196176
0.31608548357102
0.72294254436149
0.62442705349147
0.34458751441322
0.44663386953648
0.62442705349147
0.34886579196176
0.62802436800828
0.34886579196176
0.34886579196176
0.64548783360360
0.77815163734162
0.33428852858224
0.31608548357102
0.33639408632394
0.29483194894138
0.34886579196176
0.34886579196176
0.34886579196176
0.34886579196176
0.35866561433282
0.34886579196176
0.25429342284563
0.34886579196176
0.31608548357102
0.34886579196176
0.33605518748182
0.85744156732939
0.74189622061608
0.36813029902204
0.76478247487390
0.28859149664417
0.32280118632205
0.50000000000000
0.24371656710961
0.35866561433282
0.36220844760194
0.30423810104750
0.80721515314731
0.34886579196176
0.58460385668886
0.33875165682977
0.34886579196176
0.24371656710961
0.30760558854414
0.62442705349147
0.33994359497072
0.34073327138927
0.61385553702359
0.28859149664417
0.40515245396663
0.30434155371248
0.31856955993174
0.34886579196176
0.76290142283506
0.75756665777028
0.64064036239295
0.33639408632394
0.24371656710961
0.74949781774042
0.35433255646316
0.32280118632205
0.78560153889501
0.34886579196176
0.79164459105630
0.32096577397417
0.65061993867091
0.35236500916692
0.36182275607402
0.77815163734162
0.33875165682977
0.36030907509073
0.33759557138497
0.63341277140549
0.34886579196176
0.40103529052745
0.31164260035791
0.75044250712138
0.31608548357102
0.34886579196176
0.25429342284563
0.32096577397417
0.34886579196176
0.64722585064288
0.32089601648283
0.34886579196176
0.36182275607402
0.34886579196176
0.74544825194846
0.35591551331250
0.34886579196176
0.31201657072744
0.33650363790131
0.84053361979691
0.34886579196176
0.37978472296017
0.35866561433282
0.33191032345334
0.34886579196176
0.28709499013840
0.31608548357102
0.35236500916692
0.33650363790131
0.32280118632205
0.75756665777028
0.35236500916692
0.34886579196176
0.35866561433282
0.33512261983590
0.62442705349147
0.75966097270583
0.30423810104750
0.31608548357102
0.34886579196176
0.83280475187681
0.34458751441322
0.62442705349147
0.58918325812587
0.34886579196176
0.97706004985214
0.34886579196176
0.30835523839887
0.34886579196176
0.58918325812587
0.34886579196176
0.32096577397417
0.34886579196176
0.33229959380752
0.24371656710961
0.31608548357102
0.33512261983590
0.31608548357102
0.75586604985570
0.30423810104750
0.31608548357102
0.80101383009500
0.65637708161757
0.34073327138927
0.30391676124046
0.42011885713527
0.50000000000000
0.34570550841892
0.31608548357102
0.33650363790131
0.34886579196176
0.35866561433282
0.34886579196176
0.36173741528832
0.34886579196176
0.35236500916692
0.72669712452092
0.32688779685304
0.31608548357102
0.77612692757918
0.85362361887647
0.77815163734162
0.75848903884453
0.78546370666063
0.55855051844273
0.40971262232065
0.83339216362916
0.83280475187681
0.40971262232065
0.74053404829586
0.76749107169415
0.34886579196176
0.35757754994436
0.24371656710961
0.34886579196176
0.33639408632394
0.24371656710961
0.34886579196176
0.33229959380752
0.34886579196176
0.31608548357102
0.34886579196176
0.34886579196176
0.29664797388043
0.32089601648283
0.31608548357102
0.36220844760194
0.34886579196176
0.30647438962374
0.29122975107970
0.24371656710961
0.59461411639250
0.35866561433282
0.33875165682977
0.33639408632394
0.62442705349147
0.33650363790131
0.34886579196176
0.33639408632394
0.34192581859181
0.75506016386735
0.32049033500786
0.30975067999497
0.24371656710961
0.32280118632205
0.32280118632205
0.75586604985570
0.34886579196176
0.34886579196176
0.62442705349147
0.40971262232065
0.37134249212716
0.34073327138927
0.32542469655854
0.33650363790131
0.34886579196176
0.49100103571678
0.32096577397417
0.30647438962374
0.37978472296017
0.34458751441322
0.37811038276732
0.99336209946228
0.33512261983590
0.37450334066620
0.34458751441322
0.35236500916692
0.84211509038011
0.73115220691092
0.66700666404048
0.62442705349147
0.50000000000000
0.34886579196176
0.66798336004360
0.34073327138927
0.82502217485276
0.62442705349147
0.31498234295149
0.33875165682977
0.28042564038482
0.97706004985214
0.32264842534179
0.31608548357102
0.31201657072744
0.34886579196176
0.31486411171754
0.40971262232065
0.24371656710961
0.34886579196176
0.32096577397417
0.35591551331250
0.62442705349147
0.35866561433282
0.32838036110213
0.41720408411517
0.32840566426536
0.33639408632394
0.69161746597103
0.31608548357102
0.84404065650388
0.41343463602465
0.79855284624348
0.34886579196176
0.61720140872489
0.34886579196176
0.24371656710961
0.31608548357102
0.64962767634018
0.62442705349147
0.34886579196176
0.34886579196176
0.95908374287068
0.28042564038482
0.35866561433282
0.74495631722401
0.37317940893841
0.34886579196176
0.42635458427969
0.31608548357102
0.55160124207378
0.72524491558173
0.34886579196176
0.32425379277280
0.59408796884563
0.30423810104750
0.34886579196176
0.34886579196176
0.40971262232065
0.87107281513479
0.40971262232065
0.34886579196176
0.34886579196176
0.40103529052745
0.34570550841892
0.36182275607402
0.49100103571678
0.34886579196176
0.78220197493469
0.33875165682977
0.31608548357102
0.55855051844273
0.34458751441322
0.40971262232065
0.78560153889501
0.34347781001917
0.31608548357102
0.31608548357102
0.83280475187681
0.33650363790131
0.43011762029916
0.37450334066620
0.34886579196176
0.61385553702359
0.34458751441322
0.37008935926278
0.34886579196176
0.40971262232065
0.60273897910872
0.35866561433282
0.32096577397417
0.31608548357102
0.28859149664417
0.80155518087420
0.34770641128974
0.77815163734162
0.60936881726309
0.31608548357102
0.33387212452003
0.34886579196176
0.34886579196176
0.32096577397417
0.34448747962679
0.31608548357102
0.30617271925897
0.25159134467500
0.31201657072744
0.27621550965778
0.61994549818934
0.62442705349147
0.35866561433282
0.72513313608043
0.34073327138927
0.98975492678121
0.30835523839887
0.34886579196176
0.73714195499943
0.62442705349147
0.35236500916692
0.34570550841892
0.33639408632394
0.34886579196176
0.49100103571678
0.33875165682977
0.34886579196176
0.34886579196176
0.32425379277280
0.33875165682977
0.64962767634018
0.30303267373327
0.76749107169415
0.30647438962374
0.31608548357102
0.35527172170768
0.53035028472401
0.34886579196176
0.31856955993174
0.40971262232065
0.58918325812587
0.34886579196176
0.34886579196176
0.34192581859181
0.34073327138927
0.25159134467500
0.34886579196176
0.34458751441322
0.55160124207378
0.25429342284563
0.34770641128974
0.30591943388155
0.34192581859181
0.40971262232065
0.34886579196176
0.76879209537993
0.37450334066620
0.63142447322280
0.74916189597968
0.33875165682977
0.37450334066620
0.34073327138927
0.72133811016484
0.36182275607402
0.36456265171062
0.34886579196176
0.34458751441322
0.35591551331250
0.36425638616127
0.34886579196176
0.34886579196176
0.35236500916692
0.50000000000000
0.34886579196176
0.34886579196176
0.35236500916692
0.36456265171062
0.31608548357102
0.34886579196176
0.34886579196176
0.59453695814741
0.30647438962374
0.34391116935967
0.35236500916692
0.35236500916692
0.38176738248993
0.34886579196176
0.40634512092785
0.31929881979337
0.37796562629344
0.62954706635385
0.26938837420087
0.31608548357102
0.62802436800828
0.24371656710961
0.85504551822063
0.83280475187681
0.62442705349147
0.66700666404048
0.83868888878336
0.31608548357102
0.34458751441322
0.24371656710961
0.58918325812587
0.34886579196176
0.34886579196176
0.62442705349147
0.66062457494712
0.62442705349147
0.32280118632205
0.32838036110213
0.32280118632205
0.31608548357102
0.30640756034617
0.40103529052745
0.33191032345334
0.40971262232065
0.99029677500000
0.76722397907963
0.82502217485276
0.72757532267490
0.61720140872489
0.31608548357102
0.60510829938061
0.40971262232065
0.34073327138927
0.60936881726309
0.30423810104750
0.30423810104750
0.32096577397417
0.40971262232065
0.75424030111917
0.40515245396663
0.34886579196176
0.30912291018769
0.31608548357102
0.32096577397417
0.34886579196176
0.35591551331250
0.33650363790131
0.34391116935967
0.98266979739514
0.31608548357102
0.33512261983590
0.34886579196176
0.86986176956446
0.34886579196176
0.64962767634018
0.31608548357102
0.58173374673182
0.82502217485276
0.34220274214674
0.33191032345334
0.77815163734162
0.34886579196176
0.24656047587773
0.34886579196176
0.34886579196176
0.75506016386735
0.37798233347276
0.32542469655854
0.40103529052745
0.31941719770287
0.32096577397417
0.62523176495045
0.40971262232065
0.78560153889501
0.69249812164857
0.64531644397051
0.62442705349147
0.60550000776961
0.62442705349147
0.62442705349147
0.30303267373327
0.34886579196176
0.32049033500786
0.22259580054273
0.34886579196176
0.36456265171062
0.34347781001917
0.34886579196176
0.34886579196176
0.24371656710961
0.32280118632205
0.32089601648283
0.30948766211559
0.63854368840813
0.34886579196176
0.90021310934545
0.34886579196176
0.32089601648283
0.78079343770830
0.32838036110213
0.75506016386735
0.40971262232065
0.34886579196176
0.31608548357102
0.24371656710961
0.37753074600817
0.34886579196176
0.37450334066620
0.29451921164959
0.34391116935967
0.28806760369132
0.62802436800828
0.79075881313570
0.31608548357102
0.30434198324609
0.34886579196176
0.83280475187681
0.30835523839887
0.34886579196176
0.36794100744291
0.75330473176741
0.77621217886459
0.34886579196176
0.28859149664417
0.35866561433282
0.79075881313570
0.62442705349147
0.97623915259113
0.33875165682977
0.34886579196176
0.34886579196176
0.30647438962374
0.30647438962374
0.62442705349147
0.78560153889501
0.32542469655854
0.36794100744291
0.25159134467500
0.34886579196176
0.34886579196176
0.33387212452003
0.35866561433282
0.86521400973994
0.34886579196176
0.80155088106867
0.62802436800828
0.34886579196176
0.80246285438235
0.34886579196176
0.34886579196176
0.34886579196176
0.71655022051010
0.29451921164959
0.31608548357102
0.33650363790131
0.36456265171062
0.34886579196176
0.39891518051931
0.34886579196176
0.35866561433282
0.24371656710961
0.34073327138927
0.98266979739514
0.33639408632394
0.34886579196176
0.34886579196176
0.40971262232065
0.31127382586289
0.40971262232065
0.34886579196176
0.30434198324609
0.31608548357102
0.32413116318456
0.33650363790131
0.95974451328633
0.73224997900185
0.42011885713527
0.95810212222423
0.35236500916692
0.32096577397417
0.28806760369132
0.25429342284563
0.35866561433282
0.74415066367404
0.64962767634018
0.30948766211559
0.33650363790131
0.30948766211559
0.35591551331250
0.34886579196176
0.33875165682977
0.31608548357102
0.76235709619901
0.34886579196176
0.40971262232065
0.35236500916692
0.34886579196176
0.37970933038262
0.75946792096477
0.34886579196176
0.73054548754585
0.97706004985214
0.34886579196176
0.31266458866873
0.31929881979337
0.33875165682977
0.59212636984414
0.34073327138927
0.52661575427304
0.62442705349147
0.62442705349147
0.34886579196176
0.34886579196176
0.31127382586289
0.30835523839887
0.31608548357102
0.33639408632394
0.62442705349147
0.34886579196176
0.32418434328583
0.33512261983590
0.34886579196176
0.61135349871961
0.31608548357102
0.99044334779017
0.79831024937452
0.40971262232065
0.74008424428737
0.96033410999498
0.24921355187785
0.34886579196176
0.62442705349147
0.31608548357102
0.34886579196176
0.37753074600817
0.85362361887647
0.62442705349147
0.29661207513848
0.26826778603510
0.31608548357102
0.34886579196176
0.77815163734162
0.35433255646316
0.28964088745326
0.31608548357102
0.38765639353180
0.34458751441322
0.30434198324609
0.31608548357102
0.88374369846308
0.58918325812587
0.35236500916692
0.35748185482949
0.40971262232065
0.29483194894138
0.35866561433282
0.35591551331250
0.82502217485276
0.35183300637219
0.62442705349147
0.69249812164857
0.62442705349147
0.33639408632394
0.34886579196176
0.34886579196176
0.33037952568957
0.34886579196176
0.79911362507998
0.40971262232065
0.34886579196176
0.75506016386735
0.34886579196176
0.33650363790131
0.31608548357102
0.62442705349147
0.33457771937587
0.31608548357102
0.77815163734162
0.83280475187681
0.31127382586289
0.34886579196176
0.64962767634018
0.33037952568957
0.34886579196176
0.37450334066620
0.34886579196176
0.78436245583321
0.34886579196176
0.34886579196176
0.22381160865154
0.33457771937587
0.77815163734162
0.33875165682977
0.34886579196176
0.99991517202211
0.33875165682977
0.34886579196176
0.40231009827054
0.34886579196176
0.61998712598799
0.33548586983470
0.34886579196176
0.28042564038482
0.98975492678121
0.34886579196176
0.62252624314840
0.33105732124757
0.34886579196176
0.34886579196176
0.34886579196176
0.35866561433282
0.33453368804584
0.31608548357102
0.31608548357102
0.61594740120484
0.31941719770287
0.61864764091962
0.34886579196176
0.34886579196176
0.62442705349147
0.24371656710961
0.30434198324609
0.28859149664417
0.62442705349147
0.36220844760194
0.24371656710961
0.66431717004441
0.50000000000000
0.31608548357102
0.78560153889501
0.35866561433282
0.33512261983590
0.49100103571678
0.40971262232065
0.34458751441322
0.35866561433282
0.83493379070390
0.59461411639250
0.40103529052745
0.40971262232065
0.32089601648283
0.34192581859181
0.34886579196176
0.39131086612514
0.75506016386735
0.34886579196176
0.34886579196176
0.32542469655854
0.58781360469287
0.36456265171062
0.31608548357102
0.29451921164959
0.34886579196176
0.81602923961205
0.35866561433282
0.60941589541425
0.76853214527126
0.71587656586533
0.33875165682977
0.30391676124046
0.76152146969895
0.75789138641267
0.30835523839887
0.30303267373327
0.31608548357102
0.34886579196176
0.31127382586289
0.24371656710961
0.34886579196176
0.32096577397417
0.34886579196176
0.32838036110213
0.97623915259113
0.37450334066620
0.35236500916692
0.31608548357102
0.35236500916692
0.74749817595244
0.66062457494712
0.71578191005721
0.34886579196176
0.33650363790131
0.34886579196176
0.31608548357102
0.34886579196176
0.24371656710961
0.74949781774042
0.30423810104750
0.34886579196176
0.31929881979337
0.36019836394073
0.30647438962374
0.66062457494712
0.34886579196176
0.31929881979337
0.98753899271885
0.77621217886459
0.62322842554282
0.37753074600817
0.40971262232065
0.36456265171062
0.34886579196176
0.34886579196176
0.34886579196176
0.34886579196176
0.31486411171754
0.34886579196176
0.74940567519023
0.64962767634018
0.32089601648283
0.66062457494712
0.34192581859181
0.33639408632394
0.24371656710961
0.33639408632394
0.35236500916692
0.34474078370383
0.39373745079877
0.31608548357102
0.77621217886459
0.32542469655854
0.31201657072744
0.58918325812587
0.61135349871961
0.34886579196176
0.30434198324609
0.33512261983590
0.62442705349147
0.34886579196176
0.81880247272564
0.31486411171754
0.30423810104750
0.31608548357102
0.34886579196176
0.31608548357102
0.33105732124757
0.73112099758096
0.88374369846308
0.34886579196176
0.32542469655854
0.33639408632394
0.37970933038262
0.33650363790131
0.34886579196176
0.62442705349147
0.33650363790131
0.75586604985570
0.34886579196176
0.25933228371417
0.34886579196176
0.88374369846308
0.34458751441322
0.34886579196176
0.66062457494712
0.99029677500000
0.62674712493251
0.29788252322300
0.62442705349147
0.31486411171754
0.32542469655854
0.34886579196176
0.34886579196176
0.34886579196176
0.34073327138927
0.99082552472478
0.40971262232065
0.58781360469287
0.75756665777028
0.75506016386735
0.77947571694793
0.58460385668886
0.36794100744291
0.62442705349147
0.34886579196176
0.34886579196176
0.40971262232065
0.66062457494712
0.53500184929477
0.35866561433282
0.35591551331250
0.50000000000000
0.83280475187681
0.31608548357102
0.62802436800828
0.33548586983470
0.31608548357102
0.33650363790131
0.63442550827829
0.69712351476417
0.62442705349147
0.36472179691522
0.34886579196176
0.34886579196176
0.62442705349147
0.24371656710961
0.44045464132373
0.99029677500000
0.34886579196176
0.34886579196176
0.49100103571678
0.40971262232065
0.49527808653833
0.66755953466227
0.32089601648283
0.34570550841892
0.34886579196176
0.31608548357102
0.76478247487390
0.62442705349147
0.60595791538550
0.73054548754585
0.34886579196176
0.34886579196176
0.34886579196176
0.22873787569171
0.34886579196176
0.34073327138927
0.34886579196176
0.35433255646316
0.75506016386735
0.61385553702359
0.34886579196176
0.66062457494712
0.31608548357102
0.34886579196176
0.35866561433282
0.34886579196176
0.34770641128974
0.32688779685304
0.30647438962374
0.37811038276732
0.62442705349147
0.37811038276732
0.24371656710961
0.63982107776361
0.31929881979337
0.31608548357102
0.34886579196176
0.33650363790131
0.35236500916692
0.40971262232065
0.34886579196176
0.34602975006833
0.86245271672166
0.34886579196176
0.37753074600817
0.34886579196176
0.74476782199747
0.24371656710961
0.62674712493251
0.59461411639250
0.34886579196176
0.35591551331250
0.40971262232065
0.66700666404048
0.34886579196176
0.97854442306086
0.58918325812587
0.86245271672166
0.31639138984566
0.56219713179806
0.99029677500000
0.33650363790131
0.90335375574197
0.34886579196176
0.64810095047419
0.32418434328583
0.35183300637219
0.40971262232065
0.34886579196176
0.30434155371248
0.33105732124757
0.36794100744291
0.98994467409525
0.43521462202850
0.75483410875598
0.33105732124757
0.50915183747678
0.98204595402174
0.32840566426536
0.40971262232065
0.34886579196176
0.56550534572053
0.79855284624348
0.31486411171754
0.34886579196176
0.34886579196176
0.31608548357102
0.33650363790131
0.28690907720392
0.36182275607402
0.97854442306086
0.34886579196176
0.34886579196176
0.66062457494712
0.31608548357102
0.64367487607154
0.35236500916692
0.32542469655854
0.28859149664417
0.61385553702359
0.34073327138927
0.29060995143642
0.31608548357102
0.31608548357102
0.63442550827829
0.78560153889501
0.37450334066620
0.34073327138927
0.34073327138927
0.34886579196176
0.34886579196176
0.79752018927518
0.34886579196176
0.41343463602465
0.32542469655854
0.76072834266621
0.35866561433282
0.60866085908871
0.31608548357102
0.31608548357102
0.34886579196176
0.40103529052745
0.56523470927237
0.33650363790131
0.32089601648283
0.61135349871961
0.34886579196176
0.35866561433282
0.33037952568957
0.36220844760194
0.22259580054273
0.62442705349147
0.31127382586289
0.35591551331250
0.58482333645367
0.29451921164959
0.31929881979337
0.37450334066620
0.75586604985570
0.34073327138927
0.34886579196176
0.40103529052745
0.32280118632205
0.34886579196176
0.34886579196176
0.64962767634018
0.33605518748182
0.35236500916692
0.34073327138927
0.39638989738892
0.97706004985214
0.34886579196176
0.28859149664417
0.58044253269888
0.31608548357102
0.32089601648283
0.75586604985570
0.34886579196176
0.59453695814741
0.32646024182815
0.84414775959040
0.61864764091962
0.32280118632205
0.60273897910872
0.36182275607402
0.40515245396663
0.30647438962374
0.33650363790131
0.34073327138927
0.38459795937530
0.33650363790131
0.77160909418548
0.40971262232065
0.34886579196176
0.39891518051931
0.79752018927518
0.24371656710961
0.30835523839887
0.40098368650276
0.34886579196176
0.75038774902944
0.65061993867091
0.34886579196176
0.33790336253867
0.40971262232065
0.97706004985214
0.30434198324609
0.28859149664417
0.34073327138927
0.31856955993174
0.77699226759572
0.96234992944294
0.62442705349147
0.67235438745434
0.32264842534179
0.34886579196176
0.34886579196176
0.31127382586289
0.33650363790131
0.31608548357102
0.40971262232065
0.34886579196176
0.36456265171062
0.25052789287622
0.34886579196176
0.61953891955274
0.53568490574368
0.55855051844273
0.34886579196176
0.34886579196176
0.34886579196176
0.74916189597968
0.34886579196176
0.63650110113010
0.28042564038482
0.62442705349147
0.98753899271885
0.40971262232065
0.33512261983590
0.66062457494712
0.34886579196176
0.34886579196176
0.33639408632394
0.62442705349147
0.29274635514063
0.58918325812587
0.34886579196176
0.33037952568957
0.33650363790131
0.99044334779017
0.60064933907480
0.75872717504057
0.32129204005236
0.34886579196176
0.34886579196176
0.30835523839887
0.62442705349147
0.30647438962374
0.34886579196176
0.33639408632394
0.79752018927518
0.34886579196176
0.61385553702359
0.50000000000000
0.30814949460923
0.62442705349147
0.34073327138927
0.35236500916692
0.72493301539142
0.99044334779017
0.97779293884945
0.87644362531150
0.79831024937452
0.61135349871961
0.86485309641177
0.34886579196176
0.60999807788542
0.75966097270583
0.33105732124757
0.40971262232065
0.28964088745326
0.31639138984566
0.33639408632394
0.34886579196176
0.40971262232065
0.35591551331250
0.32280118632205
0.32425379277280
0.39444213432210
0.23714250054151
0.34073327138927
0.63332699903928
0.77815163734162
0.33191032345334
0.62442705349147
0.75586604985570
0.36456265171062
0.30835523839887
0.31608548357102
0.30912291018769
0.33875165682977
0.33650363790131
0.99029677500000
0.32838036110213
0.33650318493299
0.28042564038482
0.64962767634018
0.36182275607402
0.75506016386735
0.61594740120484
0.30423810104750
0.34886579196176
0.37753074600817
0.37978472296017
0.98266979739514
0.98975492678121
0.79075881313570
0.99989413146685
0.69249812164857
0.36019836394073
0.24371656710961
0.28964088745326
0.36794100744291
0.73429303346879
0.71441318076466
0.24025198799610
0.34391116935967
0.76749107169415
0.34886579196176
0.34886579196176
0.87874906943309
0.34886579196176
0.31608548357102
0.29175703811250
0.30434198324609
0.40971262232065
0.34886579196176
0.34886579196176
0.02034799201311
0.24371656710961
0.50000000000000
0.32542469655854
0.36220844760194
0.75155008996692
0.35236500916692
0.32838036110213
0.31608548357102
0.37970933038262
0.62442705349147
0.33512261983590
0.33605518748182
0.40971262232065
0.62442705349147
0.34886579196176
0.40971262232065
0.34886579196176
0.30912291018769
0.40971262232065
0.50000000000000
0.40971262232065
0.31608548357102
0.50000000000000
0.29060995143642
0.33030871747842
0.34886579196176
0.57571647764213
0.34886579196176
0.33650363790131
0.33966195678909
0.34886579196176
0.35236500916692
0.35866561433282
0.33650363790131
0.33605518748182
0.40971262232065
0.34073327138927
0.40971262232065
0.35591551331250
0.35236500916692
0.33650363790131
0.24371656710961
0.34886579196176
0.75966097270583
0.83280475187681
0.31639138984566
0.71578191005721
0.30434155371248
0.40971262232065
0.83280475187681
0.31608548357102
0.36182275607402
0.28181362863995
0.34886579196176
0.34886579196176
0.33875165682977
0.66200135152774
0.34886579196176
0.28042564038482
0.36220844760194
0.28388576057702
0.33037952568957
0.31608548357102
0.58918325812587
0.34343531002579
0.34192581859181
0.30975067999497
0.31941719770287
0.34886579196176
0.58918325812587
0.62442705349147
0.49100103571678
0.34886579196176
0.33548586983470
0.33650363790131
0.34458751441322
0.33875165682977
0.33457771937587
0.59461411639250
0.83493379070390
0.58203311245949
0.66062457494712
0.86210034852912
0.28859149664417
0.39638989738892
0.77699695147237
0.34886579196176
0.30835523839887
0.97779293884945
0.70901150981190
0.38176738248993
0.83280475187681
0.42991814157990
0.68253633384165
0.65637708161757
0.97706004985214
0.36220844760194
0.34886579196176
0.83280475187681
0.34886579196176
0.97706004985214
0.34458751441322
0.34073327138927
0.78560153889501
0.31608548357102
0.28964088745326
0.74057056491747
0.34886579196176
0.72294254436149
0.33650363790131
0.31608548357102
0.32096577397417
0.30303267373327
0.96645129369925
0.34192581859181
0.34886579196176
0.24371656710961
0.34073327138927
0.37450334066620
0.71889811977816
0.34886579196176
0.31201657072744
0.33875165682977
0.37450334066620
0.34886579196176
0.40971262232065
0.24371656710961
0.77621217886459
0.34886579196176
0.30391676124046
0.32089601648283
0.62442705349147
0.34886579196176
0.24371656710961
0.75506016386735
0.66062457494712
0.33191032345334
0.37450334066620
0.34886579196176
0.28964088745326
0.24130838342879
0.31608548357102
0.34886579196176
0.31608548357102
0.36794100744291
0.34886579196176
0.34458751441322
0.31608548357102
0.33875165682977
0.38398999401124
0.77187476657792
0.34886579196176
0.35866561433282
0.61135349871961
0.33650363790131
0.33875165682977
0.76542392366363
0.35960940063180
0.36456265171062
0.74916189597968
0.32418434328583
0.30835523839887
0.34886579196176
0.87695824276098
0.32280118632205
0.35866561433282
0.34886579196176
0.64531644397051
0.76106103884354
0.33650363790131
0.84793235106169
0.58044253269888
0.35236500916692
0.33875165682977
0.97854442306086
0.98753899271885
0.58840607825027
0.34458751441322
0.34886579196176
0.32089601648283
0.73716571177652
0.33512261983590
0.35591551331250
0.34886579196176
0.34073327138927
0.34192581859181
0.82502217485276
0.74476782199747
0.33229959380752
0.33639408632394
0.64962767634018
0.36019836394073
0.34886579196176
0.33650363790131
0.34886579196176
0.34886579196176
0.48628196080577
0.72670981417105
0.35866561433282
0.32096577397417
0.33650363790131
0.34886579196176
0.31608548357102
0.31486411171754
0.66062457494712
0.34886579196176
0.31608548357102
0.35236500916692
0.34886579196176
0.35866561433282
0.35236500916692
0.28859149664417
0.28806760369132
0.34886579196176
0.34886579196176
0.50000000000000
0.79752018927518
0.30434155371248
0.30912291018769
0.78560153889501
0.31608548357102
0.76478247487390
0.30303267373327
0.34886579196176
0.34886579196176
0.42991814157990
0.36456265171062
0.42011885713527
0.54737223588052
0.34073327138927
0.28042564038482
0.65731788803011
0.34886579196176
0.29060995143642
0.73112099758096
0.65061993867091
0.57828968405392
0.24371656710961
0.34886579196176
0.40971262232065
0.28859149664417
0.31608548357102
0.28806760369132
0.31608548357102
0.34886579196176
0.29268073113827
0.40971262232065
0.34886579196176
0.34886579196176
0.33639408632394
0.33605518748182
0.33650363790131
0.34886579196176
0.34886579196176
0.31469752404551
0.40971262232065
0.34886579196176
0.34886579196176
0.58918325812587
0.36928257607867
0.88531341473884
0.34886579196176
0.29451921164959
0.68021217498652
0.40971262232065
0.33512261983590
0.83280475187681
0.32089601648283
0.77487380967929
0.33229959380752
0.83280475187681
0.37126777223755
0.34886579196176
0.71578191005721
0.34886579196176
0.33875165682977
0.43644545106398
0.66062457494712
0.78817877384625
0.29998918771454
0.32132378011494
0.34886579196176
0.30835523839887
0.66062457494712
0.34886579196176
0.33105732124757
0.31608548357102
0.28964088745326
0.28859149664417
0.34886579196176
0.37970933038262
0.34886579196176
0.34073327138927
0.34886579196176
0.34458751441322
0.62442705349147
0.40971262232065
0.31608548357102
0.38013730748369
0.30948766211559
0.34886579196176
0.54737223588052
0.61720140872489
0.31201657072744
0.24025198799610
0.24371656710961
0.35866561433282
0.31608548357102
0.58918325812587
0.36456265171062
0.40971262232065
0.77653005378114
0.31608548357102
0.65050165945277
0.35433255646316
0.33650318493299
0.35866561433282
0.40231009827054
0.31317082849723
0.34886579196176
0.78560153889501
0.62802436800828
0.34886579196176
0.34458751441322
0.24371656710961
0.83280475187681
0.34886579196176
0.37190891979737
0.99029677500000
0.31486411171754
0.33875165682977
0.40971262232065
0.34886579196176
0.33191032345334
0.62674712493251
0.34886579196176
0.35433255646316
0.65061993867091
0.32096577397417
0.34886579196176
0.34886579196176
0.78560153889501
0.33512261983590
0.63168930649564
0.24371656710961
0.65739367517392
0.49100103571678
0.34458751441322
0.58918325812587
0.55855051844273
0.34886579196176
0.75946792096477
0.34886579196176
0.35866561433282
0.31929881979337
0.31608548357102
0.34886579196176
0.75506016386735
0.33650363790131
0.77621217886459
0.27684527812229
0.75506016386735
0.34886579196176
0.30647438962374
0.97706004985214
0.24371656710961
0.63489590731653
0.37978472296017
0.60273897910872
0.34073327138927
0.33639408632394
0.33639408632394
0.31608548357102
0.32096577397417
0.36794100744291
0.88235545322690
0.32425379277280
0.58918325812587
0.34886579196176
0.76245574580602
0.35591551331250
0.34886579196176
0.30035785151522
0.31941719770287
0.64722585064288
0.25764682947754
0.32542469655854
0.34886579196176
0.33650363790131
0.34886579196176
0.72670981417105
0.33875165682977
0.51413795304240
0.32089601648283
0.34886579196176
0.34886579196176
0.38778211462809
0.37450334066620
0.64924023446043
0.33650363790131
0.34448747962679
0.64531644397051
0.77815163734162
0.37753074600817
0.60273897910872
0.34886579196176
0.75044250712138
0.64679964638182
0.35591551331250
0.28050409064607
0.34886579196176
0.35866561433282
0.36406151172273
0.33457771937587
0.66760297230398
0.49100103571678
0.34458751441322
0.31608548357102
0.58918325812587
0.34886579196176
0.35332937731311
0.42635458427969
0.24371656710961
0.56550534572053
0.83345705898902
0.34886579196176
0.24371656710961
0.24025198799610
0.33875165682977
0.97706004985214
0.63164345725758
0.33650363790131
0.33548586983470
0.37450334066620
0.31608548357102
0.32838036110213
0.79655750492742
0.31608548357102
0.34886579196176
0.72294254436149
0.35591551331250
0.34886579196176
0.86541085054307
0.40971262232065
0.32096577397417
0.77795346465838
0.34886579196176
0.33994359497072
0.75185873822793
0.34458751441322
0.34886579196176
0.34886579196176
0.34886579196176
0.33512261983590
0.31201657072744
0.62442705349147
0.63442550827829
0.35866561433282
0.16642306301646
0.80721515314731
0.34886579196176
0.37450334066620
0.34073327138927
0.58044253269888
0.34886579196176
0.34886579196176
0.75506016386735
0.79752018927518
0.35866561433282
0.92947872851618
0.38778211462809
0.34886579196176
0.31608548357102
0.83280475187681
0.34886579196176
0.34886579196176
0.38176738248993
0.01992859061060
0.38778211462809
0.99029677500000
0.37450334066620
0.34886579196176
0.16642306301646
0.31608548357102
0.74834124770283
0.31608548357102
0.74495631722401
0.26233985517307
0.28050409064607
0.99029677500000
0.31941719770287
0.32096577397417
0.31608548357102
0.33639408632394
0.34886579196176
0.66062457494712
0.33650363790131
0.30905455510655
0.34886579196176
0.40103529052745
0.34886579196176
0.33512261983590
0.30434198324609
0.34886579196176
0.30647438962374
0.31608548357102
0.34886579196176
0.31608548357102
0.34886579196176
0.40971262232065
0.32542469655854
0.31608548357102
0.34886579196176
0.79752018927518
0.32542469655854
0.25159134467500
0.75302698057947
0.35866561433282
0.40971262232065
0.34389513554770
0.32838036110213
0.86245271672166
0.85362361887647
0.31201657072744
0.31608548357102
0.34770641128974
0.30647438962374
0.83280475187681
0.94668680533869
0.28859149664417
0.34886579196176
0.24371656710961
0.74166318542011
0.36794100744291
0.34886579196176
0.32838036110213
0.32096577397417
0.33453368804584
0.31608548357102
0.62442705349147
0.34886579196176
0.34886579196176
0.31608548357102
0.24371656710961
0.28964088745326
0.29664797388043
0.61385553702359
0.33650318493299
0.30948766211559
0.73634493852330
0.40971262232065
0.34886579196176
0.71578191005721
0.34770641128974
0.33650363790131
0.98107855524393
0.50000000000000
0.97706004985214
0.28042564038482
0.35236500916692
0.83280475187681
0.31608548357102
0.34886579196176
0.66062457494712
0.24371656710961
0.47714316336002
0.34886579196176
0.82502217485276
0.38333513409943
0.35866561433282
0.31608548357102
0.77470807827792
0.29483194894138
0.33650363790131
0.62442705349147
0.40971262232065
0.34886579196176
0.30434198324609
0.36456265171062
0.54692064886951
0.72221666838992
0.31608548357102
0.71578191005721
0.33639408632394
0.34886579196176
0.40103529052745
0.79752018927518
0.34886579196176
0.75001130089636
0.61135349871961
0.30434198324609
0.65424675164822
0.30391676124046
0.29746828953678
0.35591551331250
0.71192514480863
0.62442705349147
0.34886579196176
0.31608548357102
0.97706004985214
0.34886579196176
0.33650363790131
0.76749107169415
0.66700666404048
0.58044253269888
0.33650363790131
0.34458751441322
0.33875165682977
0.31127382586289
0.77260427628099
0.67016839591013
0.31201657072744
0.34886579196176
0.34886579196176
0.34886579196176
0.34886579196176
0.35866561433282
0.62442705349147
0.64962767634018
0.33639408632394
0.31608548357102
0.36456265171062
0.35866561433282
0.98003232187115
0.34602975006833
0.34474078370383
0.99082552472478
0.34886579196176
0.64624054067017
0.31608548357102
0.34886579196176
0.34886579196176
0.41343463602465
0.84414775959040
0.35236500916692
0.50915183747678
0.61594740120484
0.28042564038482
0.34886579196176
0.98753899271885
0.34886579196176
0.61720140872489
0.34073327138927
0.62442705349147
0.33650363790131
0.58918325812587
0.56523470927237
0.31310198397109
0.35591551331250
0.31608548357102
0.31608548357102
0.34886579196176
0.74773018592626
0.34886579196176
0.97706004985214
0.66406170878400
0.34886579196176
0.34886579196176
0.31608548357102
0.34886579196176
0.35866561433282
0.28806760369132
0.24371656710961
0.36910880062568
0.66406170878400
0.31608548357102
0.72645284736098
0.24130838342879
0.75506016386735
0.34419403641994
0.82502217485276
0.75155008996692
0.34886579196176
0.35866561433282
0.31127382586289
0.33605518748182
0.28388576057702
0.31608548357102
0.33650363790131
0.36456265171062
0.37134249212716
0.82502217485276
0.28859149664417
0.33650363790131
0.24371656710961
0.34886579196176
0.33650363790131
0.33639408632394
0.33639408632394
0.25159134467500
0.75586604985570
0.54737223588052
0.37450334066620
0.79924492911415
0.38774126710779
0.31317082849723
0.34886579196176
0.34886579196176
0.40971262232065
0.35866561433282
0.65061993867091
0.31929881979337
0.88253281187632
0.34073327138927
0.34886579196176
0.35866561433282
0.28353731021229
0.31608548357102
0.31608548357102
0.30423810104750
0.39895674285086
0.34886579196176
0.31608548357102
0.36456265171062
0.24371656710961
0.79582435161847
0.33650363790131
0.66062457494712
0.24656047587773
0.24371656710961
0.78560153889501
0.33191032345334
0.34886579196176
0.31608548357102
0.31608548357102
0.31608548357102
0.34886579196176
0.32096577397417
0.31608548357102
0.24371656710961
0.34886579196176
0.66062457494712
0.34886579196176
0.32089601648283
0.34886579196176
0.31608548357102
0.40971262232065
0.34073327138927
0.58918325812587
0.34886579196176
0.34886579196176
0.36182275607402
0.34886579196176
0.36456265171062
0.34886579196176
0.31520760671372
0.34886579196176
0.34192581859181
0.30035785151522
0.34886579196176
0.75506016386735
0.68157831962501
0.83493379070390
0.34886579196176
0.61385553702359
0.33191032345334
0.33650363790131
0.61957645349911
0.79789639605590
0.28859149664417
0.77795346465838
0.34886579196176
0.32438646794749
0.34886579196176
0.34886579196176
0.36456265171062
0.24371656710961
0.66195959665899
0.83493379070390
0.74358906172531
0.52096046361131
0.72645284736098
0.34886579196176
0.24371656710961
0.34886579196176
0.34343531002579
0.40971262232065
0.34886579196176
0.31608548357102
0.31872278117293
0.74495631722401
0.73112099758096
0.24025198799610
0.24656047587773
0.37134249212716
0.35236500916692
0.98975492678121
0.30738512848244
0.27847982423699
0.33030871747842
0.34886579196176
0.34886579196176
0.33875165682977
0.32300587787276
0.97779293884945
0.31608548357102
0.31608548357102
0.98903346663855
0.40971262232065
0.33030871747842
0.62442705349147
0.83280475187681
0.66418374804974
0.77815163734162
0.28042564038482
0.31608548357102
0.30647438962374
0.51709668252422
0.55024597560119
0.77493437753953
0.24371656710961
0.40971262232065
0.75369533470633
0.62442705349147
0.66062457494712
0.34886579196176
0.33650363790131
0.58918325812587
0.31608548357102
0.98975492678121
0.31608548357102
0.40971262232065
0.33650363790131
0.29788252322300
0.32838036110213
0.85889921036275
0.34886579196176
0.33512261983590
0.83025383406883
0.75408080419537
0.61385553702359
0.34886579196176
0.34886579196176
0.34886579196176
0.32096577397417
0.34073327138927
0.78560153889501
0.37450334066620
0.75966097270583
0.34886579196176
0.66062457494712
0.99029677500000
0.34886579196176
0.32838036110213
0.35236500916692
0.31608548357102
0.58918325812587
0.28859149664417
0.77621217886459
0.82502217485276
0.28964088745326
0.33639408632394
0.88235545322690
0.22725060720012
0.50000000000000
0.36019836394073
0.71567436860648
0.34073327138927
0.32264842534179
0.34886579196176
0.32089601648283
0.34886579196176
0.34886579196176
0.49100103571678
0.34886579196176
0.34886579196176
0.75506016386735
0.33639408632394
0.24371656710961
0.59663940732436
0.33639408632394
0.34886579196176
0.39638989738892
0.28859149664417
0.77022085063446
0.34886579196176
0.62442705349147
0.39066164797725
0.33639408632394
0.33639408632394
0.61594740120484
0.35236500916692
0.34886579196176
0.35236500916692
0.34073327138927
0.73224997900185
0.35757754994436
0.40971262232065
0.34886579196176
0.31201657072744
0.74916189597968
0.35236500916692
0.42011885713527
0.67041140873906
0.75257118933163
0.33229959380752
0.31608548357102
0.31608548357102
0.75966097270583
0.34073327138927
0.79752018927518
0.83280475187681
0.30647438962374
0.32096577397417
0.34886579196176
0.99029677500000
0.34886579196176
0.32838036110213
0.66062457494712
0.34886579196176
0.61594740120484
0.33875165682977
0.33875165682977
0.36173741528832
0.33037952568957
0.40971262232065
0.34886579196176
0.89586377999811
0.31127382586289
0.34886579196176
0.31608548357102
0.24371656710961
0.75966097270583
0.62442705349147
0.72312277289873
0.24371656710961
0.88374369846308
0.32089601648283
0.33875165682977
0.34886579196176
0.33605518748182
0.34886579196176
0.33105732124757
0.73054548754585
0.34886579196176
0.34886579196176
0.72669712452092
0.37450334066620
0.28042564038482
0.39650731313055
0.31608548357102
0.34886579196176
0.32605024650497
0.31608548357102
0.31941719770287
0.34886579196176
0.32089601648283
0.34886579196176
0.35591551331250
0.35866561433282
0.33428852858224
0.74834124770283
0.34886579196176
0.36456265171062
0.34886579196176
0.34886579196176
0.34886579196176
0.34886579196176
0.43011762029916
0.33650363790131
0.98919891429086
0.29175703811250
0.28964088745326
0.76290142283506
0.33457771937587
0.35866561433282
0.34886579196176
0.32089601648283
0.33875165682977
0.83280475187681
0.70109670483125
0.32838036110213
0.40971262232065
0.34886579196176
0.76478247487390
0.34886579196176
0.34886579196176
0.31127382586289
0.31608548357102
0.34458751441322
0.33875165682977
0.31608548357102
0.56550534572053
0.34770641128974
0.34886579196176
0.38527229131227
0.31317082849723
0.37450334066620
0.74358906172531
0.34886579196176
0.36794100744291
0.34886579196176
0.61998712598799
0.31310198397109
0.30760558854414
0.35866561433282
0.33650363790131
0.32542469655854
0.29548373137676
0.35866561433282
0.40971262232065
0.30423810104750
0.34886579196176
0.29175703811250
0.35236500916692
0.31201657072744
0.62442705349147
0.35591551331250
0.32418434328583
0.34886579196176
0.33639408632394
0.32096577397417
0.34886579196176
0.34073327138927
0.23714250054151
0.33875165682977
0.40971262232065
0.37450334066620
0.31486411171754
0.78560153889501
0.46963263703062
0.31608548357102
0.34458751441322
0.36794100744291
0.34886579196176
0.61720140872489
0.61594740120484
0.75044250712138
0.34886579196176
0.32325502403184
0.35748185482949
0.40971262232065
0.24130838342879
0.31941719770287
0.32096577397417
0.34682839852636
0.34886579196176
0.34886579196176
0.64962767634018
0.31608548357102
0.34886579196176
0.61594740120484
0.33037952568957
0.24371656710961
0.31608548357102
0.35866561433282
0.34886579196176
0.31608548357102
0.31338766702431
0.34886579196176
0.32096577397417
0.32089601648283
0.59461411639250
0.28420947934350
0.34886579196176
0.33875165682977
0.34886579196176
0.30835523839887
0.34073327138927
0.34886579196176
0.60941589541425
0.33105732124757
0.29451921164959
0.62442705349147
0.29451921164959
0.34886579196176
0.31608548357102
0.62442705349147
0.28042564038482
0.34073327138927
0.58173374673182
0.23714250054151
0.34886579196176
0.32089601648283
0.66062457494712
0.34886579196176
0.24371656710961
0.62442705349147
0.62442705349147
0.54268155583282
0.34886579196176
0.31608548357102
0.25159134467500
0.31608548357102
0.34886579196176
0.34886579196176
0.80721515314731
0.30591943388155
0.62442705349147
0.62148902195116
0.32838036110213
0.72757532267490
0.34886579196176
0.30835523839887
0.61998712598799
0.40971262232065
0.40971262232065
0.39638989738892
0.66062457494712
0.58173374673182
0.76853214527126
0.34886579196176
0.75301522671812
0.72294254436149
0.75424030111917
0.31608548357102
0.31608548357102
0.34886579196176
0.49100103571678
0.34886579196176
0.25159134467500
0.30537758756028
0.58918325812587
0.88171473058779
0.77755956298262
0.49527808653833
0.83280475187681
0.33229959380752
0.33875165682977
0.84851334059343
0.28690907720392
0.30314587528558
0.33875165682977
0.37008935926278
0.34886579196176
0.78817877384625
0.77815163734162
0.77084973550936
0.98753899271885
0.34886579196176
0.34886579196176
0.72669712452092
0.39502665266168
0.39650731313055
0.99991517202211
0.37450334066620
0.34886579196176
0.65470589770506
0.24371656710961
0.34886579196176
0.34886579196176
0.75506016386735
0.34886579196176
0.66062457494712
0.24656047587773
0.31608548357102
0.62442705349147
0.34073327138927
0.24371656710961
0.34886579196176
0.30905455510655
0.36794100744291
0.34886579196176
0.29175703811250
0.66062457494712
0.41552439770635
0.36472179691522
0.62442705349147
0.63442550827829
0.31608548357102
0.35866561433282
0.35596068903296
0.39650731313055
0.35236500916692
0.42991814157990
0.54737223588052
0.50739925719021
0.34886579196176
0.31608548357102
0.89586377999811
0.70091550144195
0.79752018927518
0.34886579196176
0.35591551331250
0.34886579196176
0.34192581859181
0.33639408632394
0.39891518051931
0.34448747962679
0.31310198397109
0.61594740120484
0.76195652975390
0.24371656710961
0.31127382586289
0.24371656710961
0.33650363790131
0.34886579196176
0.31608548357102
0.75506016386735
0.34886579196176
0.50000000000000
0.34886579196176
0.31941719770287
0.73054548754585
0.77621217886459
0.37450334066620
0.28859149664417
0.32838036110213
0.61385553702359
0.64367487607154
0.35236500916692
0.31608548357102
0.34886579196176
0.85362361887647
0.34073327138927
0.33650363790131
0.35591551331250
0.77448123695504
0.33457771937587
0.33650363790131
0.35596068903296
0.34886579196176
0.33639408632394
0.34886579196176
0.24371656710961
0.75377870044639
0.28806760369132
0.25429342284563
0.28964088745326
0.34192581859181
0.87874906943309
0.78560153889501
0.33639408632394
0.34886579196176
0.31608548357102
0.34458751441322
0.32096577397417
0.34886579196176
0.34886579196176
0.59461411639250
0.74358906172531
0.31608548357102
0.31608548357102
0.34886579196176
0.36456265171062
0.24371656710961
0.33557254010495
0.72294254436149
0.33639408632394
0.33512261983590
0.65657687476555
0.34886579196176
0.34886579196176
0.83280475187681
0.40971262232065
0.34886579196176
0.31941719770287
0.37798233347276
0.34886579196176
0.53361978504849
0.34886579196176
0.31486411171754
0.65090617315290
0.61385553702359
0.31608548357102
0.30948766211559
0.24371656710961
0.78826890992397
0.58590772945660
0.75506016386735
0.50000000000000
0.34886579196176
0.50000000000000
0.31307936913010
0.61594740120484
0.33457771937587
0.33650363790131
0.50384213037517
0.32418434328583
0.60999807788542
0.66062457494712
0.34448747962679
0.36472179691522
0.34886579196176
0.32425379277280
0.34886579196176
0.33512261983590
0.34886579196176
0.27486026451046
0.34192581859181
0.34886579196176
0.34886579196176
0.24371656710961
0.30647438962374
0.35236500916692
0.28388576057702
0.30835523839887
0.34886579196176
0.40971262232065
0.75586604985570
0.32089601648283
0.28042564038482
0.34886579196176
0.86521400973994
0.35866561433282
0.34886579196176
0.34886579196176
0.34886579196176
0.30423810104750
0.35866561433282
0.33875165682977
0.34886579196176
0.34458751441322
0.30640756034617
0.31608548357102
0.23714250054151
0.88253281187632
0.28859149664417
0.36794100744291
0.60910659997124
0.28859149664417
0.33229959380752
0.34458751441322
0.31608548357102
0.31929881979337
0.35433255646316
0.50000000000000
0.40515245396663
0.35591551331250
0.35236500916692
0.33639408632394
0.34886579196176
0.26313297804805
0.37126777223755
0.76290142283506
0.72545430453911
0.75506016386735
0.29268073113827
0.31941719770287
0.30434198324609
0.98903346663855
0.32096577397417
0.62442705349147
0.34886579196176
0.85362361887647
0.58044253269888
0.24371656710961
0.34886579196176
0.35591551331250
0.34073327138927
0.33875165682977
0.34886579196176
0.31608548357102
0.34886579196176
0.24371656710961
0.75756665777028
0.88411673389942
0.61385553702359
0.32096577397417
0.80721515314731
0.34886579196176
0.31608548357102
0.61957645349911
0.37450334066620
0.58460385668886
0.25052789287622
0.32542469655854
0.34419403641994
0.34347781001917
0.63442550827829
0.76621760541707
0.34886579196176
0.32838036110213
0.32838036110213
0.62442705349147
0.98266979739514
0.40971262232065
0.35866561433282
0.83280475187681
0.34886579196176
0.77815163734162
0.34886579196176
0.30835523839887
0.33639408632394
0.31317082849723
0.33378219128871
0.24371656710961
0.31608548357102
0.34886579196176
0.33650363790131
0.34073327138927
0.75946792096477
0.34886579196176
0.86521400973994
0.35866561433282
0.34886579196176
0.33105732124757
0.34886579196176
0.35866561433282
0.34886579196176
0.80155088106867
0.34886579196176
0.39157832775285
0.33875165682977
0.78324395068483
0.66336636471244
0.98882669619799
0.37811038276732
0.24371656710961
0.24371656710961
0.44793665022080
0.37450334066620
0.31608548357102
0.30251621019054
0.36794100744291
0.33639408632394
0.74476782199747
0.31608548357102
0.33639408632394
0.34886579196176
0.30423810104750
0.34886579196176
0.35236500916692
0.72312277289873
0.31608548357102
0.73112099758096
0.61998712598799
0.40971262232065
0.34343531002579
0.30423810104750
0.31608548357102
0.30423810104750
0.62442705349147
0.24371656710961
0.34886579196176
0.24025198799610
0.31201657072744
0.28859149664417
0.55801235648074
0.63199157031397
0.33639408632394
0.34458751441322
0.34886579196176
0.34073327138927
0.36182275607402
0.35591551331250
0.34458751441322
0.34886579196176
0.34886579196176
0.24371656710961
0.36456265171062
0.39891518051931
0.25159134467500
0.28042564038482
0.74008424428737
0.36182275607402
0.34886579196176
0.39650731313055
0.58615224888634
0.28964088745326
0.40971262232065
0.33105732124757
0.34073327138927
0.31608548357102
0.34073327138927
0.61135349871961
0.38176738248993
0.58376281414878
0.75155008996692
0.25584837340562
0.97706004985214
0.30835523839887
0.97706004985214
0.37124322678253
0.34886579196176
0.35236500916692
0.24371656710961
0.34448747962679
0.34886579196176
0.89160630845631
0.34886579196176
0.61594740120484
0.29664797388043
0.34886579196176
0.34886579196176
0.32096577397417
0.32520792193076
0.66755999883670
0.61594740120484
0.31608548357102
0.62442705349147
0.34886579196176
0.32096577397417
0.40971262232065
0.34886579196176
0.33875165682977
0.33030871747842
0.30035785151522
0.24371656710961
0.29451921164959
0.54737223588052
0.25429342284563
0.34886579196176
0.92028947254757
0.31608548357102
0.37970933038262
0.35866561433282
0.99991517202211
0.35591551331250
0.35591551331250
0.31608548357102
0.80721515314731
0.42635458427969
0.65050165945277
0.34886579196176
0.62442705349147
0.71303925448797
0.31608548357102
0.24371656710961
0.75506016386735
0.34886579196176
0.34886579196176
0.61749208078167
0.34886579196176
0.28964088745326
0.74091173473872
0.62442705349147
0.33650363790131
0.34886579196176
0.66062457494712
0.32089601648283
0.37798233347276
0.65061993867091
0.74495631722401
0.31608548357102
0.34886579196176
0.34073327138927
0.86809440450874
0.31608548357102
0.33650363790131
0.35866561433282
0.75155008996692
0.58918325812587
0.24371656710961
0.36220844760194
0.33875165682977
0.31608548357102
0.96645129369925
0.28859149664417
0.75966097270583
0.34886579196176
0.34886579196176
0.39157832775285
0.66062457494712
0.31608548357102
0.31856955993174
0.31608548357102
0.32429517150012
0.62442705349147
0.31608548357102
0.25933228371417
0.34886579196176
0.34886579196176
0.34886579196176
0.34886579196176
0.34886579196176
0.65947847139438
0.37124322678253
0.74916189597968
0.37811038276732
0.83417598978084
0.36928257607867
0.57432330949441
0.40634512092785
0.34886579196176
0.34886579196176
0.24371656710961
0.25159134467500
0.24921355187785
0.50000000000000
0.34886579196176
0.34886579196176
0.34886579196176
0.31608548357102
0.72714800819985
0.68946408765088
0.32834241492462
0.34886579196176
0.33875165682977
0.28042564038482
0.40103529052745
0.34886579196176
0.30835523839887
0.88235545322690
0.24371656710961
0.34886579196176
0.34886579196176
0.32096577397417
0.24025198799610
0.31941719770287
0.80246285438235
0.42635458427969
0.72488799024338
0.34886579196176
0.40971262232065
0.28806760369132
0.75756665777028
0.34886579196176
0.33650363790131
0.26938837420087
0.34886579196176
0.31608548357102
0.32096577397417
0.72808389269179
0.99029677500000
0.34391116935967
0.34073327138927
0.40971262232065
0.33030871747842
0.97706004985214
0.40103529052745
0.34886579196176
0.34192581859181
0.31201657072744
0.34886579196176
0.37450334066620
0.62442705349147
0.40971262232065
0.90335375574197
0.98969195120120
0.72757532267490
0.51618195706750
0.36030907509073
0.61720140872489
0.28859149664417
0.33512261983590
0.84211509038011
0.31608548357102
0.24371656710961
0.35433255646316
0.64367487607154
0.33512261983590
0.30434155371248
0.35591551331250
0.54737223588052
0.33650363790131
0.50000000000000
0.32096577397417
0.34886579196176
0.66700666404048
0.85983945846226
0.78817877384625
0.28690907720392
0.34886579196176
0.84211509038011
0.34458751441322
0.24371656710961
0.30912291018769
0.33790336253867
0.35236500916692
0.36794100744291
0.34073327138927
0.29998918771454
0.34886579196176
0.35236500916692
0.30647438962374
0.40103529052745
0.28050409064607
0.31608548357102
0.34886579196176
0.62442705349147
0.62442705349147
0.31201657072744
0.25429342284563
0.50000000000000
0.31608548357102
